374.590000 481.900000 0.080000 3530.860000
733.930000 286.070000 0.130000 6716.040000
791.430000 258.030000 0.260000 1221.710000
67.460000 655.480000 0.340000 5981.570000
570.290000 791.260000 0.250000 3028.060000
263.180000 674.040000 0.410000 7992.390000
500.100000 74.620000 0.240000 5649.410000
854.950000 820.120000 0.140000 7240.150000
301.260000 538.800000 0.140000 5159.870000
935.700000 678.660000 0.130000 5828.380000
119.730000 16.770000 0.060000 7174.760000
304.750000 850.560000 0.110000 1048.020000
619.070000 319.950000 0.300000 2660.900000
382.530000 736.790000 0.300000 1951.700000
394.260000 548.820000 0.260000 6312.790000
961.630000 658.060000 0.130000 7885.420000
397.000000 817.330000 0.160000 4343.640000
350.350000 697.950000 0.010000 2976.930000
637.710000 188.050000 0.240000 5408.540000
946.100000 318.740000 0.430000 1946.560000
702.660000 697.390000 0.190000 7635.990000
799.970000 352.900000 0.010000 6390.430000
651.770000 738.310000 0.170000 6335.380000
533.790000 363.680000 0.240000 4655.670000
141.150000 262.970000 0.250000 4240.740000
965.840000 750.490000 0.030000 5402.440000
214.240000 53.480000 0.150000 3747.860000
352.060000 784.040000 0.170000 824.780000
296.690000 641.610000 0.260000 6855.430000
178.730000 847.650000 0.210000 787.020000
418.540000 615.880000 0.260000 3278.920000
111.450000 850.150000 0.230000 7702.160000
379.880000 866.990000 0.220000 1431.530000
850.750000 684.980000 0.160000 1669.540000
954.390000 718.070000 0.150000 5716.670000
611.840000 789.820000 0.140000 5069.050000
157.520000 655.000000 0.270000 2080.990000
52.710000 970.310000 0.200000 6768.040000
287.520000 526.430000 0.370000 7684.390000
905.270000 524.900000 0.080000 4177.440000
185.770000 745.540000 0.090000 947.430000
611.060000 174.210000 0.170000 1164.750000
395.410000 97.460000 0.100000 2429.420000
515.390000 473.590000 0.190000 6361.160000
999.740000 674.020000 0.300000 2509.640000
538.720000 915.280000 0.450000 1755.570000
683.770000 585.300000 0.090000 6427.740000
349.790000 236.820000 0.080000 3921.500000
429.980000 672.270000 0.270000 7712.750000
369.880000 217.410000 0.110000 1490.840000
783.100000 406.490000 0.310000 5407.290000
220.120000 364.330000 0.070000 7256.670000
970.080000 375.380000 0.210000 5740.450000
790.130000 191.390000 0.150000 800.130000
213.620000 325.780000 0.260000 3095.180000
264.790000 748.880000 0.220000 4679.200000
106.010000 87.460000 0.190000 900.520000
948.310000 387.620000 0.230000 7100.560000
998.020000 84.740000 0.230000 1689.580000
272.940000 680.650000 0.280000 5321.050000
780.160000 81.750000 0.110000 2501.650000
599.870000 480.870000 0.010000 3515.070000
690.570000 358.060000 0.320000 811.870000
874.800000 610.000000 0.230000 3676.610000
334.270000 839.720000 0.160000 3057.750000
962.720000 672.520000 0.250000 3040.420000
89.430000 909.370000 0.300000 1102.730000
531.910000 742.780000 0.260000 673.760000
763.030000 500.910000 0.210000 7047.730000
826.820000 632.220000 0.160000 6808.040000
759.630000 56.180000 0.310000 3467.990000
171.520000 125.160000 0.230000 3954.950000
429.200000 968.840000 0.250000 6973.230000
809.730000 988.020000 0.350000 4136.910000
205.000000 631.390000 0.170000 1510.610000
195.790000 815.500000 0.340000 2580.660000
690.090000 911.720000 0.290000 1412.880000
907.800000 662.050000 0.020000 5903.960000
792.700000 991.330000 0.170000 7400.490000
735.670000 719.980000 0.160000 6168.390000
899.240000 931.040000 0.270000 7729.420000
428.580000 727.170000 0.270000 5831.130000
687.000000 785.580000 0.460000 6432.920000
280.320000 555.010000 0.340000 7873.380000
968.890000 260.610000 0.120000 7115.490000
348.660000 165.960000 0.200000 7531.460000
8.870000 700.630000 0.090000 1330.530000
783.590000 284.620000 0.260000 2819.490000
361.450000 299.890000 0.310000 4809.620000
890.840000 855.120000 0.230000 4332.860000
191.830000 623.640000 0.220000 3547.320000
803.940000 305.660000 0.150000 2009.460000
602.070000 262.490000 0.170000 4234.480000
992.230000 917.400000 0.390000 4044.970000
940.270000 888.780000 0.250000 2434.430000
918.770000 757.720000 0.240000 4890.600000
163.810000 166.600000 0.080000 4779.400000
171.210000 947.160000 0.010000 2276.870000
916.800000 223.970000 0.180000 841.860000
237.060000 838.010000 0.170000 1977.720000
