448.270000 581.360000 0.310000 1375.880000
814.190000 903.170000 0.240000 6085.860000
109.970000 549.560000 0.240000 1663.300000
423.760000 192.160000 0.350000 6883.510000
444.130000 189.190000 0.330000 2551.540000
609.190000 857.140000 0.240000 5948.270000
728.910000 158.590000 0.340000 4223.060000
266.990000 609.140000 0.190000 3356.970000
414.300000 977.610000 0.170000 3172.350000
220.700000 789.820000 0.150000 7945.780000
17.800000 169.030000 0.160000 7795.530000
932.330000 101.390000 0.090000 6379.490000
962.160000 413.100000 0.170000 7045.630000
114.980000 152.240000 0.150000 2869.240000
433.770000 963.820000 0.070000 4484.720000
182.790000 835.790000 0.350000 3726.870000
160.320000 825.870000 0.210000 1515.610000
948.340000 117.800000 0.230000 7201.300000
436.730000 412.620000 0.190000 6190.150000
463.270000 496.070000 0.210000 5498.170000
