141.960000 249.360000 0.230000 4021.850000
407.730000 47.570000 0.160000 3043.740000
900.130000 133.140000 0.130000 3340.710000
286.160000 708.420000 0.160000 7927.940000
23.860000 827.980000 0.440000 3417.500000
546.060000 388.210000 0.290000 1561.460000
115.420000 844.040000 0.320000 722.170000
862.060000 31.550000 0.220000 3060.330000
35.110000 367.630000 0.250000 6960.050000
264.670000 0.220000 0.230000 5485.390000
538.180000 63.800000 0.130000 893.500000
623.800000 339.960000 0.090000 7705.310000
701.010000 200.910000 0.190000 2402.690000
95.690000 964.020000 0.230000 4841.350000
529.650000 198.060000 0.240000 3735.120000
858.940000 272.120000 0.170000 6374.610000
414.140000 114.140000 0.260000 7613.210000
60.400000 3.810000 0.160000 6585.680000
739.970000 514.460000 0.300000 6020.370000
18.760000 428.330000 0.010000 3567.250000
211.050000 839.230000 0.220000 961.460000
751.250000 486.370000 0.180000 5821.720000
216.000000 794.960000 0.210000 7094.720000
66.500000 763.440000 0.220000 3566.020000
344.860000 262.500000 0.090000 4608.990000
753.330000 398.110000 0.210000 3696.890000
674.900000 237.360000 0.260000 4306.350000
664.740000 647.390000 0.120000 7873.830000
412.580000 817.370000 0.240000 6302.840000
871.020000 405.020000 0.140000 7716.460000
