836.79 708.68 0.27 3196.59
55.60 706.20 0.18 7466.45
72.70 283.24 0.22 7909.65
421.50 443.83 0.22 4331.05
235.04 994.15 0.30 6895.61
543.11 498.93 0.01 6816.50
956.05 6.58 0.03 4421.34
434.54 550.24 0.05 5626.43
587.86 703.17 0.32 7707.40
143.63 202.86 0.05 7509.65
294.45 144.74 0.37 3320.24
467.00 27.38 0.24 5343.31
886.79 96.51 0.19 6008.89
175.88 729.25 0.29 6295.09
346.57 206.40 0.35 7941.02
141.54 795.82 0.25 3357.13
71.61 895.27 0.19 6551.48
962.79 429.33 0.23 6174.23
139.15 165.22 0.15 3929.40
697.70 790.01 0.27 2955.49
525.37 169.90 0.28 1606.42
401.34 572.55 0.12 3501.02
196.62 640.77 0.23 2559.53
73.35 597.54 0.07 2796.05
775.33 856.31 0.09 6969.16
113.88 658.91 0.31 7797.69
897.95 493.73 0.34 5756.33
808.34 735.03 0.31 4222.43
140.67 642.81 0.12 2669.26
646.61 409.01 0.08 6804.25
738.86 872.74 0.14 5668.95
405.85 680.52 0.13 3364.72
529.31 768.67 0.25 7069.88
388.05 283.54 0.27 5437.25
635.77 189.92 0.03 4821.47
622.64 499.44 0.38 6513.90
675.99 64.96 0.23 7359.52
668.31 637.88 0.36 7356.87
807.63 885.60 0.24 7901.03
449.28 404.86 0.18 1921.35
