687.78 97.50 0.12 5035.44
834.46 905.94 0.18 3258.21
39.51 533.16 0.21 4441.58
965.94 240.24 0.05 2395.29
907.63 394.37 0.31 7835.36
218.83 962.25 0.26 5701.10
944.57 603.45 0.36 5406.11
812.94 326.41 0.02 7010.79
318.83 791.64 0.14 2140.93
711.81 219.48 0.15 7589.22
921.53 266.73 0.16 6213.76
810.95 52.18 0.31 6119.01
252.95 923.75 0.12 3028.34
25.06 608.76 0.34 5179.24
458.24 769.57 0.27 5749.51
105.62 921.20 0.30 5470.96
402.53 56.21 0.12 6200.93
688.06 657.59 0.14 1837.26
865.77 831.49 0.18 2255.33
312.10 207.06 0.36 1889.03
649.92 276.31 0.30 3605.47
744.17 404.11 0.07 1718.24
21.59 956.76 0.33 1925.80
931.79 514.61 0.03 6285.80
238.35 688.61 0.16 7154.58
782.64 958.25 0.11 7506.91
35.76 576.17 0.01 2043.20
778.09 976.69 0.20 4517.20
801.87 812.03 0.12 4260.57
878.72 826.11 0.29 5602.52
336.69 916.00 0.13 7845.59
52.25 376.27 0.25 5716.11
743.23 669.91 0.11 5717.32
66.02 875.06 0.01 5497.81
541.05 424.47 0.14 2863.68
165.75 204.95 0.24 5118.31
541.85 126.73 0.14 3753.60
626.06 50.40 0.13 4238.13
270.35 295.96 0.15 3012.81
334.51 974.35 0.49 6570.99
633.80 346.15 0.10 1862.38
847.03 560.35 0.17 7934.15
416.51 854.53 0.21 6576.18
137.67 127.57 0.30 5647.87
791.29 487.93 0.36 4535.15
370.42 202.97 0.33 7182.03
633.53 156.39 0.05 7760.93
704.71 367.21 0.28 1638.86
148.00 344.55 0.25 6429.08
691.23 514.89 0.24 6666.64
968.44 566.79 0.27 4063.16
892.16 467.11 0.14 1754.01
736.68 831.44 0.08 3414.06
748.13 714.75 0.28 6628.11
919.29 90.48 0.21 3090.01
438.15 446.63 0.07 6649.37
935.75 888.11 0.21 3476.27
917.34 163.60 0.36 5236.98
538.59 24.32 0.32 2448.64
125.78 21.37 0.43 4153.74
46.42 127.43 0.19 2474.54
585.98 750.26 0.22 5401.37
683.35 877.88 0.15 4072.11
393.95 479.48 0.31 3938.15
219.12 994.44 0.20 1684.96
283.49 629.02 0.08 3473.97
559.39 717.04 0.35 5468.73
886.50 507.68 0.20 6677.59
808.94 133.92 0.28 5341.12
843.27 988.67 0.17 6336.51
