43.490000 163.880000 0.120000 1189.470000
635.310000 776.800000 0.130000 6867.030000
846.600000 634.350000 0.300000 6616.970000
457.190000 50.510000 0.160000 3658.980000
873.690000 779.350000 0.280000 5101.840000
298.190000 770.840000 0.300000 5137.840000
263.810000 697.520000 0.300000 7620.270000
347.690000 406.270000 0.230000 1346.160000
899.740000 754.210000 0.190000 6405.040000
817.300000 491.910000 0.270000 7917.580000
932.250000 220.060000 0.130000 2836.380000
168.270000 191.180000 0.150000 1684.820000
856.560000 987.390000 0.310000 839.140000
735.170000 442.490000 0.310000 2615.120000
545.410000 190.650000 0.010000 1596.840000
921.680000 805.770000 0.020000 7690.030000
274.920000 226.970000 0.420000 1873.240000
875.050000 686.830000 0.350000 7524.520000
201.070000 247.350000 0.180000 1882.030000
733.080000 988.070000 0.340000 2568.800000
510.910000 800.280000 0.240000 3762.110000
524.770000 553.250000 0.260000 2892.370000
425.840000 528.330000 0.210000 1894.130000
648.460000 777.580000 0.140000 6732.780000
648.460000 356.950000 0.210000 2626.870000
665.470000 82.450000 0.120000 3334.150000
560.630000 668.740000 0.160000 1481.330000
686.460000 806.970000 0.210000 3928.340000
533.450000 330.160000 0.120000 7736.270000
185.770000 78.790000 0.300000 1961.510000
331.200000 80.810000 0.130000 6029.700000
431.310000 301.010000 0.030000 3495.480000
182.170000 869.710000 0.050000 7384.160000
470.740000 810.570000 0.160000 4638.010000
445.440000 123.000000 0.180000 6050.370000
99.710000 91.220000 0.140000 5446.200000
91.440000 378.370000 0.200000 5059.990000
495.300000 857.530000 0.220000 5065.040000
735.240000 421.820000 0.110000 7605.020000
473.790000 217.460000 0.190000 3977.900000
643.900000 967.740000 0.510000 6452.370000
286.750000 90.530000 0.030000 5863.260000
145.230000 780.090000 0.180000 3076.730000
748.490000 382.780000 0.320000 5941.400000
498.390000 631.830000 0.150000 6189.680000
231.590000 904.000000 0.210000 3134.630000
58.240000 611.190000 0.210000 1015.770000
733.310000 250.550000 0.360000 6839.800000
834.440000 355.610000 0.290000 4962.870000
287.880000 128.260000 0.240000 1541.180000
801.170000 178.560000 0.230000 4605.430000
36.640000 85.780000 0.070000 6684.300000
759.170000 38.590000 0.280000 7694.750000
597.910000 425.640000 0.260000 2651.290000
346.390000 520.020000 0.050000 4484.530000
288.290000 805.210000 0.200000 6124.070000
87.040000 703.620000 0.180000 3669.340000
587.180000 528.950000 0.300000 923.620000
593.690000 858.530000 0.240000 4415.950000
967.800000 209.400000 0.030000 6107.190000
269.190000 505.020000 0.150000 7714.380000
516.010000 425.360000 0.010000 1107.100000
644.880000 126.610000 0.170000 7478.000000
940.090000 907.420000 0.030000 541.450000
148.540000 159.750000 0.270000 4427.860000
792.710000 339.910000 0.150000 2814.030000
277.150000 135.110000 0.360000 803.100000
476.920000 54.580000 0.220000 7016.870000
32.780000 643.800000 0.230000 1718.450000
56.780000 652.170000 0.150000 1118.910000
82.640000 764.000000 0.170000 7933.930000
108.450000 815.780000 0.300000 3127.560000
999.810000 345.610000 0.260000 2683.610000
282.720000 871.840000 0.210000 6292.790000
287.130000 784.390000 0.190000 1719.940000
117.960000 194.530000 0.090000 1578.070000
680.050000 243.270000 0.050000 6440.450000
78.690000 395.060000 0.330000 2738.240000
674.260000 331.550000 0.090000 7232.010000
926.600000 27.340000 0.260000 4059.360000
