91.970000 776.580000 0.290000 4610.760000
211.920000 520.760000 0.090000 4416.770000
119.860000 546.600000 0.340000 3423.600000
230.110000 337.520000 0.120000 6129.700000
62.790000 627.730000 0.360000 6154.170000
580.320000 930.620000 0.190000 4830.660000
570.360000 164.200000 0.080000 4618.960000
184.940000 33.070000 0.280000 6598.630000
330.440000 317.600000 0.370000 7038.360000
514.700000 501.930000 0.160000 5921.560000
195.630000 485.400000 0.140000 1497.280000
250.520000 754.460000 0.030000 2805.370000
127.970000 357.620000 0.200000 3418.410000
402.730000 859.570000 0.180000 4887.500000
194.530000 150.680000 0.230000 7904.430000
524.350000 432.760000 0.250000 764.480000
822.250000 829.020000 0.130000 2999.470000
545.650000 795.890000 0.030000 5085.950000
434.350000 355.300000 0.110000 715.590000
263.270000 561.390000 0.280000 1634.950000
689.950000 668.910000 0.130000 5962.820000
447.870000 243.290000 0.030000 4358.560000
283.210000 875.850000 0.140000 5677.460000
799.450000 100.050000 0.110000 5469.830000
123.920000 235.700000 0.160000 7649.460000
497.300000 660.730000 0.020000 698.690000
159.370000 345.730000 0.340000 3645.890000
791.240000 505.280000 0.300000 5768.780000
303.090000 659.560000 0.360000 3963.470000
131.680000 931.170000 0.190000 3237.500000
324.870000 299.830000 0.050000 3152.330000
580.710000 329.550000 0.160000 7363.760000
851.440000 429.870000 0.120000 5918.200000
279.470000 856.030000 0.380000 7277.730000
829.240000 999.710000 0.240000 7270.770000
624.900000 688.610000 0.140000 4355.640000
243.740000 317.460000 0.320000 4487.830000
633.960000 742.340000 0.560000 1950.140000
477.460000 843.770000 0.310000 1364.920000
50.470000 212.120000 0.100000 5139.100000
961.180000 718.790000 0.030000 6155.700000
455.580000 370.360000 0.220000 5187.570000
809.690000 188.440000 0.270000 5618.760000
646.610000 553.480000 0.010000 5944.210000
574.290000 208.980000 0.140000 3833.390000
630.680000 592.580000 0.160000 1086.450000
451.480000 323.830000 0.160000 4335.920000
98.360000 843.720000 0.290000 2908.790000
445.370000 296.190000 0.170000 5745.310000
194.830000 883.940000 0.010000 2523.290000
151.560000 971.390000 0.120000 1068.330000
521.000000 235.550000 0.010000 635.200000
447.110000 582.680000 0.140000 4801.020000
829.590000 160.560000 0.110000 7961.450000
229.430000 931.270000 0.190000 7139.660000
626.510000 357.920000 0.400000 2467.960000
292.840000 49.430000 0.220000 4199.430000
402.020000 224.930000 0.270000 5726.850000
458.630000 112.440000 0.330000 6220.420000
930.290000 851.570000 0.120000 3309.120000
210.360000 381.980000 0.210000 4631.780000
270.530000 972.400000 0.160000 7142.560000
822.450000 408.870000 0.050000 7392.340000
315.070000 551.840000 0.430000 3962.090000
477.110000 582.720000 0.250000 1229.730000
535.070000 134.870000 0.270000 2760.910000
802.520000 946.790000 0.080000 3933.170000
910.040000 982.510000 0.170000 7089.370000
133.310000 13.040000 0.210000 5073.770000
133.020000 511.660000 0.250000 708.280000
743.780000 918.400000 0.320000 7496.650000
339.640000 85.730000 0.090000 6872.410000
228.250000 626.110000 0.150000 7941.940000
34.890000 707.470000 0.290000 2421.060000
225.690000 58.620000 0.130000 6315.300000
668.280000 627.100000 0.180000 4126.300000
740.140000 79.990000 0.140000 7778.750000
313.440000 504.500000 0.200000 866.950000
684.830000 990.100000 0.310000 5197.020000
284.770000 307.900000 0.210000 1415.540000
271.150000 448.680000 0.250000 5115.500000
739.870000 209.610000 0.240000 2642.840000
881.370000 985.820000 0.190000 7283.100000
423.750000 318.240000 0.170000 5034.320000
236.350000 18.110000 0.070000 3898.170000
77.000000 676.830000 0.160000 5136.250000
458.200000 70.370000 0.170000 7426.870000
679.100000 518.370000 0.230000 4879.210000
794.490000 937.720000 0.220000 5320.060000
675.570000 977.370000 0.580000 4856.000000
