316.430000 736.030000 0.220000 4631.850000
149.240000 104.350000 0.320000 4017.270000
388.910000 827.670000 0.420000 3047.880000
41.420000 463.930000 0.310000 2523.700000
180.560000 624.110000 0.210000 1844.430000
432.620000 430.260000 0.300000 2658.070000
364.470000 191.210000 0.290000 2792.330000
576.160000 740.860000 0.340000 4451.120000
369.590000 399.560000 0.300000 3700.240000
681.090000 994.480000 0.170000 3796.430000
21.880000 68.220000 0.060000 2838.040000
156.330000 54.630000 0.200000 3690.200000
219.860000 694.120000 0.260000 2902.320000
341.220000 647.730000 0.160000 3322.090000
343.230000 699.860000 0.150000 3330.630000
481.360000 562.040000 0.250000 3762.770000
215.470000 389.450000 0.210000 3540.440000
200.480000 723.470000 0.250000 3329.500000
690.550000 326.810000 0.280000 4094.310000
795.820000 323.590000 0.220000 1538.830000
512.840000 938.160000 0.160000 3000.570000
781.810000 820.430000 0.250000 2431.140000
875.700000 214.440000 0.290000 2255.920000
520.460000 651.830000 0.150000 4066.630000
945.010000 421.090000 0.130000 3561.150000
873.530000 905.420000 0.250000 2892.990000
235.430000 803.980000 0.180000 3099.130000
773.170000 312.760000 0.210000 4610.830000
202.660000 348.750000 0.310000 1973.740000
448.220000 833.340000 0.220000 2624.260000
839.480000 748.180000 0.010000 3762.960000
832.930000 44.490000 0.240000 3172.510000
539.140000 117.110000 0.170000 3816.460000
846.070000 320.240000 0.260000 2938.990000
789.620000 328.750000 0.120000 4182.060000
12.250000 106.590000 0.220000 2672.300000
548.840000 853.090000 0.140000 2419.240000
964.250000 611.830000 0.030000 2509.670000
960.920000 597.410000 0.260000 4046.830000
310.200000 243.490000 0.080000 4794.040000
194.640000 733.340000 0.290000 2178.740000
389.210000 379.410000 0.120000 3166.340000
240.530000 87.790000 0.150000 3794.310000
704.620000 693.450000 0.140000 3659.520000
76.470000 463.040000 0.300000 3259.680000
712.440000 651.190000 0.330000 2911.990000
492.340000 857.080000 0.360000 3350.590000
445.970000 840.660000 0.200000 1348.150000
99.060000 863.420000 0.160000 1768.890000
956.700000 203.110000 0.140000 3382.260000
366.200000 625.200000 0.200000 2663.100000
124.240000 618.330000 0.170000 3771.580000
321.560000 530.090000 0.200000 5494.030000
837.200000 295.580000 0.230000 1463.960000
674.130000 713.070000 0.400000 2990.450000
615.400000 176.410000 0.140000 1506.820000
972.690000 455.120000 0.210000 3306.850000
528.310000 531.360000 0.230000 2353.230000
65.230000 437.210000 0.060000 1239.990000
422.530000 552.120000 0.150000 1068.290000
549.610000 926.680000 0.180000 1866.150000
80.910000 243.700000 0.320000 3451.420000
269.300000 870.460000 0.290000 4927.630000
496.510000 639.470000 0.050000 3688.930000
308.590000 181.810000 0.240000 2927.600000
917.670000 870.480000 0.290000 2586.470000
423.280000 308.540000 0.270000 2498.500000
543.450000 737.090000 0.220000 4043.780000
829.450000 946.910000 0.160000 2647.240000
163.260000 887.680000 0.160000 3259.550000
916.500000 595.300000 0.100000 3092.490000
361.680000 765.120000 0.190000 2497.280000
332.450000 653.280000 0.210000 2215.500000
48.270000 784.200000 0.140000 3715.970000
469.610000 801.620000 0.180000 3807.040000
621.300000 982.380000 0.180000 2936.560000
398.150000 396.700000 0.220000 2965.410000
506.900000 629.500000 0.120000 1890.760000
626.970000 395.110000 0.230000 4629.660000
773.930000 296.890000 0.160000 1921.860000
923.690000 16.410000 0.060000 3848.520000
743.620000 802.750000 0.270000 2372.140000
72.690000 447.170000 0.010000 3751.800000
800.180000 743.700000 0.250000 2197.090000
21.160000 571.080000 0.090000 3004.410000
361.960000 474.310000 0.260000 3416.340000
620.440000 462.710000 0.170000 2386.550000
780.640000 555.230000 0.170000 1979.980000
465.700000 727.920000 0.280000 3582.940000
278.110000 125.360000 0.280000 1935.890000
911.570000 99.120000 0.220000 3541.910000
813.080000 243.270000 0.080000 3125.870000
106.820000 328.700000 0.150000 2836.180000
853.030000 773.330000 0.360000 2205.100000
202.460000 15.690000 0.140000 3321.240000
578.250000 888.580000 0.210000 3406.290000
837.620000 666.900000 0.050000 2482.050000
499.060000 850.140000 0.200000 5096.330000
258.370000 2.120000 0.340000 4634.480000
7.410000 279.090000 0.370000 3895.690000
