723.170000 74.440000 0.020000 2454.450000
384.490000 207.320000 0.430000 5707.610000
570.770000 98.760000 0.290000 1617.310000
756.300000 185.740000 0.180000 2072.880000
119.330000 990.730000 0.360000 4267.530000
504.500000 816.820000 0.330000 3275.090000
932.060000 713.630000 0.210000 2277.820000
498.560000 549.850000 0.370000 1357.000000
64.610000 638.980000 0.100000 3882.780000
872.800000 712.590000 0.400000 2710.540000
777.490000 755.450000 0.240000 2866.660000
512.500000 146.410000 0.310000 2775.620000
611.200000 64.240000 0.210000 2265.920000
501.070000 715.350000 0.120000 2249.280000
858.650000 817.760000 0.210000 3003.700000
68.100000 948.240000 0.160000 1945.510000
818.940000 479.830000 0.240000 2295.010000
756.700000 573.180000 0.250000 4185.060000
159.420000 371.350000 0.340000 3965.350000
391.840000 60.660000 0.240000 3296.210000
