619.800000 274.840000 0.250000 3233.620000
502.450000 626.950000 0.010000 1715.750000
110.750000 60.950000 0.340000 1428.230000
998.680000 159.900000 0.330000 4575.280000
862.410000 314.190000 0.230000 2750.230000
766.750000 992.980000 0.040000 2891.780000
484.360000 542.050000 0.130000 4865.070000
890.270000 744.560000 0.370000 4234.530000
962.530000 77.390000 0.260000 4612.190000
148.360000 320.240000 0.130000 2232.570000
187.730000 82.810000 0.170000 2923.930000
469.180000 60.810000 0.110000 1833.850000
770.390000 741.420000 0.170000 1878.340000
700.370000 94.970000 0.280000 4049.740000
741.790000 312.720000 0.010000 3230.080000
89.900000 250.860000 0.120000 1428.560000
764.080000 538.830000 0.020000 4241.140000
701.640000 339.770000 0.370000 2142.760000
764.070000 254.960000 0.230000 2254.390000
179.780000 958.470000 0.320000 1921.230000
804.420000 685.490000 0.090000 2655.790000
340.310000 738.490000 0.300000 3404.170000
580.430000 531.400000 0.160000 1517.730000
377.930000 879.440000 0.220000 3971.450000
782.290000 625.280000 0.090000 3136.400000
956.480000 281.440000 0.320000 1583.950000
97.600000 670.910000 0.220000 2701.700000
190.170000 995.020000 0.150000 4705.550000
319.240000 156.640000 0.310000 3370.350000
163.650000 415.430000 0.250000 2939.940000
