26.950000 161.400000 0.180000 3142.040000
124.860000 175.720000 0.070000 4388.100000
329.090000 299.190000 0.240000 3821.210000
480.770000 479.940000 0.300000 2931.290000
720.340000 949.610000 0.330000 1741.540000
160.590000 262.780000 0.320000 2591.640000
973.250000 947.160000 0.460000 2728.510000
924.170000 22.130000 0.390000 4078.130000
508.500000 722.000000 0.110000 3611.680000
549.830000 520.610000 0.040000 4089.140000
651.300000 250.770000 0.200000 3546.330000
905.900000 918.590000 0.070000 4520.290000
684.220000 679.400000 0.220000 3169.990000
460.260000 945.360000 0.390000 3963.010000
647.650000 171.970000 0.170000 2947.750000
453.380000 336.960000 0.280000 2026.270000
733.570000 485.350000 0.310000 1798.810000
528.720000 546.130000 0.150000 2960.850000
54.230000 650.080000 0.150000 1230.530000
228.390000 850.880000 0.060000 2058.720000
290.460000 15.860000 0.190000 4493.330000
783.290000 879.110000 0.310000 2169.530000
149.270000 700.980000 0.280000 2906.320000
726.490000 861.170000 0.210000 1642.400000
797.460000 267.250000 0.310000 2494.730000
809.740000 642.890000 0.230000 1881.540000
879.150000 297.310000 0.380000 4111.950000
424.950000 181.990000 0.270000 2728.210000
507.680000 1.210000 0.180000 3288.280000
845.290000 120.160000 0.310000 2758.340000
598.830000 490.380000 0.430000 3363.030000
397.630000 666.660000 0.220000 2689.440000
248.040000 94.260000 0.150000 3924.410000
436.920000 789.060000 0.260000 2964.440000
806.720000 708.490000 0.170000 551.440000
823.500000 693.200000 0.170000 4450.130000
329.510000 122.270000 0.260000 4598.490000
269.250000 490.120000 0.200000 2949.750000
244.860000 100.230000 0.130000 3808.980000
236.170000 216.330000 0.370000 4869.050000
