221.780000 883.840000 0.140000 2437.470000
310.290000 354.160000 0.380000 3336.790000
413.660000 696.650000 0.230000 3744.280000
819.040000 592.930000 0.290000 3175.620000
765.510000 170.740000 0.240000 4899.840000
287.540000 742.120000 0.140000 2899.780000
383.010000 510.200000 0.310000 4891.610000
412.330000 71.190000 0.170000 3051.160000
669.000000 675.980000 0.180000 2383.840000
478.980000 765.310000 0.290000 1515.490000
315.760000 231.740000 0.190000 2250.590000
359.670000 5.460000 0.310000 3286.640000
58.590000 957.140000 0.200000 2941.380000
773.350000 318.820000 0.120000 4173.400000
344.490000 887.610000 0.080000 1928.510000
716.190000 558.560000 0.150000 2677.250000
804.870000 906.710000 0.170000 3535.750000
353.740000 263.070000 0.190000 4351.870000
738.920000 853.120000 0.060000 2834.630000
290.680000 324.850000 0.170000 3823.800000
652.180000 807.330000 0.240000 3966.830000
145.120000 847.620000 0.110000 3333.120000
399.630000 928.380000 0.050000 5730.890000
559.670000 923.120000 0.180000 4549.430000
343.000000 92.460000 0.380000 3926.170000
988.110000 370.470000 0.170000 2525.590000
646.780000 126.340000 0.350000 3174.970000
12.540000 703.180000 0.300000 889.280000
614.720000 445.900000 0.140000 3999.010000
925.320000 502.570000 0.410000 4605.210000
962.650000 24.010000 0.310000 3738.700000
880.270000 883.790000 0.230000 673.020000
407.600000 561.400000 0.280000 3256.320000
761.770000 105.310000 0.210000 3361.110000
242.690000 178.920000 0.190000 3971.760000
118.490000 158.340000 0.320000 4018.820000
38.060000 426.460000 0.280000 2235.130000
718.250000 177.890000 0.230000 3103.160000
940.250000 69.830000 0.260000 3768.720000
654.980000 298.350000 0.170000 1482.400000
45.390000 40.740000 0.250000 2854.610000
665.580000 24.360000 0.380000 2452.610000
252.320000 556.520000 0.030000 1916.040000
492.910000 577.220000 0.320000 1402.650000
92.120000 108.860000 0.280000 4739.690000
678.810000 555.620000 0.230000 2263.430000
874.220000 648.170000 0.110000 3743.590000
904.270000 531.160000 0.170000 2398.150000
413.540000 802.140000 0.130000 3698.280000
252.540000 796.530000 0.170000 3445.400000
125.240000 267.540000 0.110000 3988.040000
318.380000 751.950000 0.070000 2466.250000
32.020000 792.110000 0.190000 2447.030000
634.230000 76.150000 0.030000 4268.070000
493.830000 42.060000 0.100000 2848.590000
286.930000 897.210000 0.020000 4653.320000
256.420000 316.170000 0.020000 1811.670000
526.960000 311.360000 0.180000 2069.180000
61.440000 181.370000 0.310000 2873.660000
694.610000 130.210000 0.150000 2798.460000
996.110000 533.550000 0.230000 2931.340000
356.170000 690.500000 0.100000 2644.140000
23.980000 403.730000 0.020000 2270.280000
215.640000 250.160000 0.160000 5063.770000
204.220000 686.720000 0.340000 4302.570000
101.200000 457.950000 0.200000 3076.610000
905.670000 634.700000 0.280000 3440.570000
160.390000 979.520000 0.200000 3607.300000
461.690000 458.240000 0.140000 2293.870000
689.140000 210.020000 0.210000 2747.660000
