126.430000 595.640000 0.240000 2134.180000
534.910000 308.160000 0.310000 2567.860000
362.500000 357.560000 0.100000 3107.230000
526.550000 283.680000 0.380000 3808.130000
375.270000 834.380000 0.160000 3930.720000
711.070000 817.170000 0.110000 3915.070000
96.320000 143.800000 0.140000 3324.160000
79.590000 561.200000 0.160000 3848.220000
654.000000 854.210000 0.380000 2547.340000
400.370000 442.650000 0.150000 3738.460000
226.860000 858.120000 0.310000 3900.420000
861.960000 826.740000 0.210000 1325.690000
51.210000 779.260000 0.240000 2189.080000
940.870000 137.010000 0.210000 2288.560000
807.200000 355.620000 0.030000 3407.650000
91.780000 220.390000 0.250000 2836.430000
495.720000 744.750000 0.260000 1997.430000
674.000000 625.390000 0.260000 4055.260000
450.110000 65.670000 0.270000 2922.740000
46.120000 659.790000 0.190000 3634.610000
881.350000 526.910000 0.360000 3515.960000
257.540000 534.220000 0.210000 4491.540000
471.610000 931.940000 0.180000 2676.810000
309.970000 616.950000 0.200000 3922.310000
639.150000 567.110000 0.340000 4994.400000
868.660000 815.360000 0.140000 1882.480000
999.590000 626.990000 0.010000 2214.010000
427.250000 327.850000 0.130000 3109.450000
534.040000 743.530000 0.030000 3190.690000
686.290000 371.030000 0.090000 3954.700000
285.760000 611.880000 0.110000 3659.380000
943.360000 426.610000 0.080000 1042.020000
335.280000 622.650000 0.230000 3760.250000
36.240000 916.600000 0.170000 2590.190000
51.830000 484.350000 0.220000 2505.840000
379.160000 59.830000 0.280000 1459.030000
691.990000 951.350000 0.150000 2541.330000
298.680000 504.070000 0.150000 4535.730000
105.320000 864.110000 0.240000 2737.560000
347.610000 933.110000 0.130000 2010.490000
898.720000 100.310000 0.190000 229.060000
897.050000 315.550000 0.290000 2383.920000
992.780000 482.820000 0.160000 3416.960000
503.530000 459.240000 0.010000 2440.670000
380.990000 166.360000 0.070000 4649.530000
474.470000 171.430000 0.280000 4030.740000
916.340000 158.670000 0.210000 3140.020000
184.320000 19.720000 0.060000 3793.060000
824.850000 700.160000 0.050000 1531.420000
281.300000 701.540000 0.300000 3183.730000
113.250000 630.620000 0.200000 2586.240000
663.340000 579.820000 0.190000 3130.310000
247.590000 964.700000 0.020000 3024.880000
295.100000 570.060000 0.330000 973.440000
406.120000 724.540000 0.150000 5669.170000
484.240000 570.750000 0.160000 3607.560000
766.020000 162.730000 0.060000 2423.840000
246.980000 324.860000 0.310000 3328.190000
824.180000 167.670000 0.140000 1597.920000
530.380000 357.090000 0.170000 933.140000
691.770000 354.000000 0.270000 3961.680000
402.710000 192.890000 0.090000 2685.070000
922.450000 748.550000 0.270000 4004.800000
272.520000 696.250000 0.390000 4657.170000
210.770000 953.610000 0.290000 1163.170000
379.950000 581.020000 0.100000 2916.420000
480.840000 963.870000 0.070000 3937.150000
5.680000 274.600000 0.160000 2889.810000
282.410000 480.850000 0.130000 3748.560000
410.910000 761.690000 0.010000 2762.090000
615.030000 65.820000 0.300000 2701.710000
648.030000 382.970000 0.120000 4557.490000
376.620000 679.580000 0.010000 3185.020000
138.680000 246.010000 0.240000 4124.150000
425.720000 629.020000 0.160000 3938.120000
510.460000 676.090000 0.160000 4087.270000
32.140000 172.030000 0.010000 4286.520000
676.260000 425.940000 0.130000 2994.400000
303.080000 716.790000 0.320000 3396.900000
549.360000 730.010000 0.380000 3314.760000
