41.750000 108.310000 0.010000 3472.080000
762.960000 765.280000 0.170000 1654.590000
190.490000 929.770000 0.110000 3952.540000
489.070000 266.230000 0.260000 1908.170000
975.410000 958.050000 0.360000 4056.940000
499.850000 601.590000 0.300000 1829.350000
565.720000 265.910000 0.150000 3833.090000
652.440000 626.520000 0.250000 2060.310000
685.110000 894.580000 0.180000 2310.610000
606.860000 124.670000 0.220000 2937.810000
978.320000 716.560000 0.180000 3098.970000
913.900000 218.620000 0.170000 3853.810000
999.760000 471.590000 0.110000 4263.440000
537.410000 209.050000 0.150000 4076.860000
430.840000 145.600000 0.300000 2437.670000
172.200000 814.410000 0.020000 3032.200000
355.130000 178.420000 0.110000 721.720000
176.390000 269.660000 0.130000 3280.130000
933.670000 285.690000 0.180000 2568.360000
620.740000 472.680000 0.110000 3512.610000
623.750000 755.440000 0.190000 3790.160000
838.960000 109.900000 0.100000 3992.400000
668.470000 121.870000 0.110000 2304.670000
341.810000 179.100000 0.150000 4404.820000
794.720000 954.390000 0.010000 2980.400000
384.820000 655.340000 0.240000 3350.300000
135.250000 452.590000 0.190000 2623.940000
840.220000 505.700000 0.290000 2011.980000
714.960000 221.920000 0.390000 3748.890000
550.000000 815.650000 0.130000 2801.470000
885.290000 248.320000 0.180000 3028.340000
699.360000 80.530000 0.060000 3762.020000
733.820000 820.840000 0.170000 574.320000
59.390000 398.660000 0.130000 5573.580000
825.510000 292.180000 0.240000 2431.850000
348.110000 199.990000 0.230000 3191.480000
346.010000 433.410000 0.150000 2981.650000
229.720000 613.940000 0.450000 4340.930000
886.030000 582.790000 0.410000 4647.110000
790.030000 428.340000 0.380000 3102.510000
279.000000 442.440000 0.190000 3446.680000
552.260000 303.020000 0.370000 2015.450000
722.460000 376.260000 0.140000 3099.610000
357.270000 960.170000 0.330000 4702.950000
884.370000 434.370000 0.250000 2835.220000
938.900000 990.290000 0.200000 1055.240000
877.770000 44.990000 0.170000 3260.800000
407.060000 251.890000 0.120000 2655.950000
826.830000 403.620000 0.220000 2383.880000
923.070000 918.300000 0.080000 3283.060000
945.270000 679.570000 0.060000 3002.330000
637.630000 39.250000 0.330000 3229.530000
16.380000 575.100000 0.210000 3974.860000
146.860000 455.940000 0.010000 2707.900000
495.350000 113.070000 0.340000 3828.020000
286.090000 382.880000 0.160000 2840.710000
409.780000 308.860000 0.230000 3336.920000
279.670000 651.620000 0.190000 3622.510000
909.470000 529.280000 0.290000 3539.930000
423.720000 487.070000 0.110000 3949.330000
390.160000 694.840000 0.200000 3146.840000
236.650000 697.570000 0.330000 4136.170000
346.240000 214.230000 0.160000 3217.150000
38.300000 610.220000 0.030000 3311.240000
970.610000 594.610000 0.280000 3010.570000
505.480000 269.280000 0.200000 2442.320000
739.410000 995.470000 0.250000 2465.510000
833.220000 945.590000 0.120000 2772.680000
410.820000 714.360000 0.210000 3223.830000
858.220000 429.650000 0.140000 1936.580000
12.580000 179.160000 0.270000 2207.820000
681.670000 959.360000 0.150000 1204.690000
975.030000 708.880000 0.140000 4038.360000
287.910000 266.920000 0.110000 3001.110000
645.480000 41.330000 0.330000 3476.800000
972.220000 105.280000 0.270000 3436.340000
287.230000 873.180000 0.210000 2158.910000
652.300000 985.870000 0.260000 3677.300000
159.040000 990.550000 0.360000 3986.620000
666.750000 643.300000 0.120000 2527.030000
83.060000 908.290000 0.180000 3620.140000
720.370000 574.630000 0.060000 2746.770000
952.230000 92.770000 0.290000 3549.950000
678.710000 96.910000 0.310000 2824.910000
405.350000 248.530000 0.120000 3382.050000
697.990000 957.660000 0.020000 831.370000
330.020000 761.780000 0.310000 1841.130000
769.700000 161.340000 0.140000 2749.980000
142.990000 184.850000 0.220000 2681.100000
526.370000 188.070000 0.170000 2450.050000
