932.14 839.79 681.45 0.50 
903.75 660.34 5078.57 0.25 
1190.35 643.07 3876.33 0.38 
1061.82 545.90 4798.32 0.46 
637.48 699.91 993.89 0.33 
748.69 648.74 6089.72 0.56 
576.57 600.84 6588.80 0.47 
909.03 857.73 908.36 0.32 
671.42 793.26 5497.76 0.47 
590.25 934.38 5229.29 0.32 
576.60 882.54 2022.94 0.25 
752.68 553.79 5751.83 0.25 
791.41 670.78 7152.72 0.47 
733.94 746.02 3460.46 0.50 
630.63 636.54 3480.06 0.43 
913.65 1232.25 2872.62 0.45 
1327.04 589.80 6718.04 0.39 
682.29 700.58 6306.97 0.29 
595.05 1000.82 5875.82 0.40 
745.35 772.00 6987.65 0.38 
967.07 751.18 6982.69 0.52 
1221.09 791.33 2858.15 0.59 
667.46 606.82 6033.05 0.41 
820.49 614.51 3011.45 0.47 
624.70 779.97 6308.88 0.64 
655.50 818.39 2693.86 0.50 
654.67 657.07 2349.23 0.46 
947.39 1143.51 3082.72 0.38 
926.04 1032.60 6375.70 0.36 
552.90 751.21 4242.00 0.44 
642.47 955.84 2352.02 0.31 
902.07 691.00 5953.52 0.23 
640.43 1022.33 6150.72 0.40 
613.85 1080.91 1300.84 0.40 
1069.33 658.64 7595.41 0.43 
987.02 1306.15 2791.62 0.46 
561.70 660.36 7539.71 0.42 
668.85 773.86 3303.92 0.38 
933.37 1036.09 1219.19 0.34 
1147.40 632.46 912.16 0.14 
638.53 865.59 6446.99 0.44 
760.75 554.54 4436.03 0.51 
904.87 752.75 7474.56 0.31 
1126.00 583.35 3596.08 0.37 
655.76 688.07 2462.49 0.41 
726.93 1005.83 6285.52 0.37 
642.79 1492.14 3830.14 0.28 
586.79 745.02 4889.61 0.40 
553.71 553.10 7275.49 0.42 
757.45 668.80 3920.36 0.46 
795.88 607.16 1214.12 0.49 
908.59 596.51 4871.82 0.56 
1048.26 983.34 7939.36 0.57 
564.09 939.43 2263.05 0.32 
540.77 760.07 4540.94 0.41 
1471.36 685.22 2365.04 0.52 
870.89 1124.12 2937.06 0.55 
816.03 562.69 4313.27 0.24 
1430.62 878.41 2233.51 0.28 
890.53 578.62 5267.09 0.40 
904.61 899.57 2202.76 0.48 
697.26 892.12 4945.87 0.19 
960.78 724.77 6085.96 0.36 
987.94 562.11 7743.42 0.37 
920.50 1451.31 5381.53 0.41 
743.61 720.24 5456.72 0.50 
612.61 863.86 1175.87 0.38 
591.38 810.10 6352.31 0.32 
670.59 1198.05 5515.91 0.47 
633.38 813.79 1879.28 0.30 
1135.56 766.05 6750.01 0.48 
619.73 858.36 1267.09 0.39 
877.92 561.28 576.07 0.47 
633.41 560.61 3230.66 0.42 
730.15 635.95 2492.91 0.40 
947.34 871.61 1705.34 0.54 
765.13 623.95 4378.36 0.38 
829.34 810.44 1427.33 0.34 
567.16 560.25 903.81 0.37 
580.82 694.66 5697.14 0.28 
1202.12 790.87 4646.10 0.39 
679.46 1278.26 2138.36 0.26 
575.45 797.79 1614.35 0.25 
983.38 689.51 7061.87 0.42 
566.60 605.40 2736.01 0.48 
750.17 572.08 4236.28 0.19 
675.89 729.28 6336.47 0.42 
611.55 1072.42 5976.29 0.24 
1080.21 1041.40 563.74 0.36 
555.29 939.05 5364.57 0.32 
627.51 882.56 2858.27 0.32 
