997.94 782.65 7851.50 0.50 
572.19 963.44 5515.24 0.51 
796.46 1220.11 4748.48 0.34 
1194.68 1214.12 4668.76 0.24 
785.16 844.63 6692.55 0.39 
615.46 609.04 3961.69 0.53 
742.39 775.14 6098.96 0.30 
544.39 552.89 7250.06 0.37 
867.18 752.37 1816.57 0.48 
1026.16 660.91 7224.42 0.49 
671.35 676.54 5849.93 0.38 
901.13 892.80 7488.23 0.06 
741.84 678.76 1295.56 0.47 
796.73 759.43 6061.28 0.52 
877.14 902.93 7086.84 0.31 
556.54 663.13 5808.64 0.24 
652.25 818.27 925.39 0.42 
591.48 921.60 7883.67 0.39 
964.91 1310.35 4278.86 0.48 
662.18 619.91 3855.12 0.50 
1108.18 581.96 4242.15 0.45 
604.53 921.28 7455.05 0.52 
826.25 608.10 7922.33 0.62 
616.76 606.59 4534.61 0.33 
781.02 1254.74 6904.02 0.44 
824.46 880.66 1878.51 0.33 
798.26 603.93 7733.30 0.57 
662.32 865.47 7529.16 0.45 
640.82 547.43 1402.25 0.32 
747.12 1279.00 1093.03 0.56 
666.13 1069.80 7215.16 0.33 
1154.91 586.55 4374.14 0.24 
576.86 623.87 4599.63 0.32 
678.53 729.53 7223.42 0.48 
838.87 590.03 664.41 0.39 
740.62 824.34 842.09 0.31 
646.26 1029.70 7939.32 0.56 
1030.40 670.15 7909.14 0.49 
585.86 608.34 1035.16 0.21 
1411.26 805.15 7277.67 0.35 
565.96 758.28 1162.50 0.37 
1187.30 1301.08 973.69 0.35 
585.44 1069.87 1221.23 0.38 
1229.12 683.46 800.34 0.23 
1277.28 1483.20 4419.51 0.58 
1037.82 965.29 7628.24 0.42 
855.01 1168.81 2193.96 0.52 
802.58 978.52 2329.18 0.38 
901.15 767.58 2315.76 0.38 
575.16 1591.43 5970.48 0.45 
805.67 1328.27 6712.93 0.41 
597.22 1160.45 7006.59 0.34 
1001.63 856.87 661.05 0.54 
878.16 1126.47 1862.89 0.42 
838.29 833.40 7447.29 0.30 
552.42 902.82 6046.39 0.59 
732.20 1188.42 3489.14 0.32 
597.61 729.46 5953.57 0.46 
729.99 583.43 946.19 0.36 
1152.56 968.04 3125.79 0.41 
1125.28 1069.26 3902.62 0.58 
715.65 895.98 3096.85 0.31 
655.46 772.13 1118.02 0.32 
1014.09 806.59 5000.33 0.41 
780.46 590.36 857.95 0.33 
806.08 555.85 2041.15 0.49 
584.46 661.53 4700.33 0.37 
1173.24 1151.53 6446.50 0.73 
750.42 1107.31 5434.62 0.47 
757.81 707.41 6117.27 0.35 
658.15 676.50 3445.18 0.35 
693.44 1211.56 1387.31 0.53 
940.59 589.83 6813.82 0.17 
698.11 1117.59 3241.15 0.41 
764.44 788.54 3267.56 0.44 
646.48 963.18 5293.09 0.32 
792.94 635.76 4722.12 0.35 
654.54 625.74 7782.61 0.38 
633.48 732.85 2248.78 0.41 
632.86 1064.54 5971.58 0.36 
1380.81 802.83 4038.34 0.34 
