1348.58 883.95 1889.06 0.61 
631.00 877.63 686.35 0.40 
683.25 564.21 1717.02 0.52 
840.13 727.92 3583.80 0.48 
700.44 788.83 3212.72 0.42 
850.25 907.50 4275.30 0.35 
970.29 590.59 6646.11 0.33 
607.64 584.28 7718.40 0.38 
671.81 1205.42 7382.34 0.41 
1079.72 659.70 2216.95 0.27 
580.88 644.94 5296.38 0.34 
934.32 670.17 7264.87 0.24 
628.54 965.84 3393.34 0.25 
555.38 893.51 762.73 0.63 
635.82 858.76 6998.28 0.32 
719.36 925.14 2359.42 0.53 
605.03 957.28 1305.48 0.31 
622.69 1108.44 979.18 0.45 
618.95 920.62 1419.23 0.34 
924.04 584.61 3553.99 0.44 
702.81 587.31 1573.54 0.36 
1317.82 629.75 7540.32 0.42 
850.76 836.73 2625.84 0.32 
1166.20 684.22 3039.12 0.37 
685.58 559.05 7427.45 0.40 
552.85 1355.30 6963.87 0.47 
871.70 796.72 4901.09 0.33 
1021.03 712.20 1799.82 0.32 
552.43 1318.45 2881.67 0.41 
712.21 782.99 1628.83 0.50 
1066.02 756.09 7700.77 0.42 
656.92 886.44 1010.84 0.36 
1082.28 939.22 4907.60 0.17 
863.95 634.50 5451.47 0.43 
1113.27 798.32 2339.82 0.38 
920.27 799.36 4082.56 0.44 
880.73 878.86 2386.68 0.42 
651.06 712.28 7551.51 0.42 
640.61 615.28 2566.16 0.39 
605.89 820.30 6159.13 0.54 
1173.72 730.75 2816.87 0.17 
1239.49 1240.94 671.13 0.49 
572.62 1256.18 2127.38 0.29 
556.32 678.15 6246.32 0.54 
804.36 1127.11 5990.80 0.50 
752.14 852.60 5335.71 0.60 
731.50 849.11 5203.96 0.45 
1025.61 778.43 2408.17 0.61 
861.54 729.67 3999.71 0.42 
1116.95 1137.60 1606.96 0.39 
1042.55 557.52 7991.59 0.56 
1336.78 694.29 6098.77 0.52 
772.63 1068.21 2164.27 0.51 
1559.47 603.57 1736.82 0.24 
1097.83 1197.44 3944.61 0.52 
687.19 1256.44 1988.32 0.28 
739.55 635.19 5990.68 0.51 
629.00 1190.19 2783.44 0.42 
738.13 692.16 2703.02 0.29 
672.24 596.41 6801.07 0.34 
784.23 761.87 7058.39 0.38 
567.07 828.46 1399.43 0.46 
856.69 716.63 6836.06 0.33 
793.55 1092.59 4746.68 0.34 
616.51 878.77 2064.37 0.67 
1235.97 877.53 7267.05 0.30 
677.60 754.47 606.91 0.50 
660.13 692.55 5336.63 0.25 
954.48 695.69 1538.31 0.28 
711.59 646.63 4454.79 0.40 
993.08 642.79 2435.01 0.43 
