630.39 641.24 4763.35 0.51 
618.10 564.00 1931.45 0.48 
560.35 1332.93 6765.24 0.41 
563.06 687.62 5489.14 0.21 
1156.02 558.78 1982.54 0.41 
635.77 749.14 4875.31 0.34 
593.22 1197.29 7111.08 0.34 
782.55 615.98 4849.70 0.43 
570.73 884.25 1100.04 0.31 
725.01 691.38 5435.20 0.38 
559.31 710.56 3723.57 0.55 
777.59 829.09 2798.26 0.43 
722.37 1168.94 2181.60 0.43 
957.47 658.06 2401.67 0.45 
998.37 1100.96 6857.35 0.34 
818.73 670.28 7697.94 0.18 
1169.54 877.93 2122.82 0.44 
850.31 851.92 5468.42 0.34 
767.76 955.08 942.39 0.48 
1420.69 899.97 885.55 0.36 
841.51 1269.07 701.27 0.49 
