910.81 1015.85 3430.41 0.27 
1072.47 791.12 5316.38 0.38 
726.36 616.34 2853.71 0.22 
772.06 627.99 3074.94 0.26 
1510.52 1245.98 1888.14 0.18 
674.09 572.73 5876.04 0.49 
813.44 1236.29 4478.60 0.40 
631.97 964.48 2157.96 0.42 
923.38 860.11 2806.90 0.42 
726.61 558.54 7908.23 0.44 
1596.56 840.79 6452.99 0.27 
600.42 574.57 5669.32 0.50 
711.51 691.72 5729.62 0.41 
1041.34 830.89 618.03 0.43 
1183.49 545.95 5620.21 0.29 
797.49 614.55 3080.95 0.42 
849.91 1129.61 6318.99 0.46 
974.68 696.42 1675.28 0.38 
559.26 1288.83 7947.03 0.58 
750.30 1346.89 7617.64 0.33 
875.68 611.31 5260.04 0.33 
716.52 746.00 3073.90 0.44 
635.29 763.48 4654.15 0.37 
1278.42 853.05 6412.42 0.54 
1305.38 896.22 4617.84 0.33 
990.05 687.40 3247.02 0.28 
676.68 750.85 7222.57 0.49 
804.95 878.02 5832.59 0.55 
708.92 1486.83 1415.80 0.61 
922.70 880.55 2046.61 0.23 
584.53 615.55 6259.47 0.24 
849.45 800.56 7107.09 0.29 
575.75 1083.42 3388.85 0.47 
552.19 850.90 1509.43 0.39 
1246.31 1051.36 5404.39 0.61 
789.99 1262.81 6599.29 0.47 
611.26 578.31 1916.53 0.42 
776.84 946.33 6469.21 0.42 
734.12 769.47 3724.64 0.41 
964.63 627.72 6177.73 0.39 
573.75 845.90 7591.46 0.52 
961.38 1079.45 1219.32 0.43 
680.62 939.29 2787.30 0.16 
889.54 760.69 4661.90 0.39 
590.00 766.72 5870.28 0.17 
904.01 1071.05 3479.86 0.34 
706.77 909.73 7044.78 0.42 
572.22 565.87 6340.32 0.36 
614.95 1005.27 1046.02 0.51 
885.62 1035.10 5378.25 0.27 
578.71 620.74 1010.19 0.45 
845.59 854.22 3273.34 0.41 
634.09 845.87 7693.91 0.36 
652.54 597.85 7093.65 0.35 
1377.38 634.28 1549.91 0.34 
922.87 736.06 7665.07 0.44 
901.18 869.23 1475.26 0.50 
718.92 543.85 7381.81 0.39 
744.26 714.00 6121.29 0.37 
862.01 1112.70 6814.97 0.50 
1126.99 1104.83 678.86 0.31 
1076.90 880.63 4589.45 0.59 
938.80 692.16 2495.58 0.32 
601.43 751.05 6642.80 0.43 
1104.40 714.21 4413.01 0.39 
543.71 580.99 6144.86 0.35 
558.34 956.89 1208.27 0.51 
1359.37 1023.19 1518.31 0.54 
781.21 773.95 7157.21 0.42 
550.38 692.36 4975.02 0.39 
834.31 593.31 7372.16 0.22 
929.71 605.97 3941.17 0.37 
633.84 1008.18 4257.74 0.43 
785.46 779.70 7048.56 0.45 
712.88 842.33 872.04 0.46 
629.37 1380.83 1365.67 0.53 
849.77 1270.29 7428.28 0.32 
796.40 882.30 7838.59 0.32 
721.00 578.17 7634.13 0.25 
595.11 739.66 5610.19 0.47 
777.14 955.07 6593.40 0.61 
638.08 1018.36 3259.77 0.37 
815.96 593.10 3288.15 0.48 
1002.53 1119.40 6851.61 0.21 
829.76 795.20 7010.69 0.39 
761.82 1246.83 3700.01 0.33 
622.93 560.79 7075.75 0.47 
1120.62 897.86 4361.45 0.43 
643.86 694.51 7445.31 0.56 
557.47 778.01 978.57 0.44 
683.72 635.62 624.53 0.36 
1198.58 589.95 2172.29 0.58 
902.50 1016.55 6210.12 0.46 
676.35 1499.80 6939.85 0.46 
1222.79 618.57 3404.38 0.32 
552.56 717.56 4010.51 0.19 
668.78 785.08 6523.48 0.40 
578.89 548.97 4834.66 0.26 
961.71 776.07 1569.45 0.38 
609.38 716.34 6374.59 0.35 
809.13 670.23 3397.68 0.48 
557.61 621.50 4889.50 0.44 
838.96 563.07 3327.76 0.46 
596.12 802.65 2837.00 0.41 
624.89 559.15 4011.11 0.46 
816.43 590.02 878.25 0.44 
566.47 993.88 6668.49 0.43 
843.95 634.82 1901.99 0.48 
1224.01 904.30 1139.16 0.50 
544.00 738.72 6930.54 0.46 
553.20 767.51 1596.67 0.47 
1046.42 845.29 2681.75 0.44 
665.39 549.16 6920.75 0.14 
1198.69 855.34 6316.21 0.17 
625.70 938.16 5854.46 0.40 
660.82 1139.45 5979.05 0.49 
969.72 851.09 1099.97 0.41 
798.11 1393.11 6316.56 0.38 
655.67 689.58 5509.19 0.38 
1072.56 626.46 565.46 0.36 
708.60 799.48 5765.74 0.27 
560.01 710.72 3369.13 0.30 
1084.75 682.67 2278.86 0.38 
1067.39 818.64 7561.69 0.42 
935.17 977.73 5356.22 0.23 
791.10 984.38 4995.67 0.42 
623.06 1564.75 1748.01 0.63 
910.74 1134.18 3538.42 0.38 
653.17 585.50 3519.45 0.42 
805.22 618.42 1710.05 0.42 
633.88 1024.12 1279.02 0.35 
761.65 628.15 1724.91 0.30 
555.27 710.09 6306.58 0.58 
1342.41 588.32 7396.89 0.28 
704.27 1061.72 3006.93 0.35 
695.75 771.22 4895.62 0.41 
761.85 1260.98 1660.03 0.47 
780.79 559.67 5830.51 0.49 
611.15 851.62 2159.46 0.60 
605.57 734.69 4605.21 0.34 
1097.09 789.85 1465.43 0.34 
933.96 1072.43 2908.52 0.48 
866.22 949.51 7868.14 0.50 
772.92 718.36 3496.82 0.51 
894.77 702.57 6623.02 0.30 
786.86 1017.39 1244.71 0.40 
839.78 542.84 2491.50 0.36 
987.44 973.87 1019.38 0.25 
735.11 546.13 4142.02 0.33 
873.60 691.00 3401.94 0.55 
656.32 933.53 7656.35 0.53 
704.72 1013.83 595.93 0.36 
680.09 780.41 2489.70 0.58 
645.22 590.98 707.29 0.29 
1051.02 1167.69 4119.86 0.30 
631.58 820.69 2546.82 0.27 
708.45 937.20 7955.95 0.34 
767.06 796.30 2598.72 0.42 
840.20 1148.96 4281.28 0.44 
936.96 1080.97 7429.21 0.22 
1200.44 600.27 1723.46 0.26 
719.31 661.13 6985.73 0.36 
1219.07 820.81 4470.05 0.16 
767.47 555.00 7807.31 0.48 
846.38 623.37 6743.99 0.33 
829.16 853.43 1964.55 0.52 
673.35 913.11 4944.69 0.35 
892.29 543.23 1696.78 0.34 
1179.74 895.18 4151.99 0.43 
689.44 625.17 4232.79 0.38 
868.95 878.04 3375.49 0.37 
768.08 717.12 1691.01 0.52 
1309.28 687.79 1698.18 0.47 
701.72 656.13 3497.97 0.35 
1226.15 840.84 6213.52 0.31 
949.54 885.96 4196.78 0.24 
1000.33 739.89 2117.74 0.43 
1253.58 555.60 2349.84 0.27 
928.93 605.71 5288.04 0.35 
713.61 616.37 5342.96 0.30 
683.81 572.07 4040.56 0.36 
939.32 588.87 5927.21 0.42 
649.90 717.86 4205.07 0.37 
920.27 1224.76 1136.71 0.33 
599.16 698.61 7464.25 0.40 
717.88 989.06 3936.76 0.49 
761.07 816.90 6060.89 0.42 
679.44 813.56 4068.68 0.31 
1073.60 897.82 6104.35 0.50 
1052.52 1171.54 5393.32 0.44 
755.81 642.20 2356.03 0.31 
819.59 760.49 6471.44 0.30 
577.98 712.03 3291.06 0.45 
921.67 603.89 4009.12 0.33 
1022.09 627.67 7577.64 0.47 
737.74 654.33 7413.10 0.50 
652.62 953.92 7456.77 0.49 
558.29 786.57 3562.83 0.30 
803.17 758.74 5031.24 0.47 
617.23 782.74 982.27 0.29 
581.59 699.48 1294.48 0.15 
