1241.79 673.79 1665.92 0.60 
773.42 777.39 4598.30 0.41 
655.02 1505.05 4961.16 0.40 
880.90 940.45 1737.73 0.28 
553.46 802.25 7001.43 0.35 
600.08 993.22 1506.03 0.37 
676.12 617.71 3851.51 0.26 
1190.03 756.53 2785.55 0.57 
568.56 784.41 1416.27 0.49 
780.54 918.42 2671.13 0.34 
671.49 910.09 1097.23 0.48 
780.48 1208.68 7410.12 0.33 
740.59 1077.35 3527.75 0.29 
594.58 1195.16 4914.57 0.34 
546.31 639.56 7084.03 0.44 
647.70 599.84 2128.01 0.44 
765.48 689.30 1167.20 0.63 
649.84 632.90 6511.25 0.55 
983.20 551.05 6889.55 0.31 
723.22 1571.89 4049.46 0.41 
679.50 785.43 5840.81 0.58 
837.69 700.08 7096.24 0.46 
676.33 779.09 792.69 0.57 
678.35 822.12 738.32 0.36 
661.70 856.82 4667.25 0.10 
690.95 543.43 5212.12 0.39 
1067.03 945.28 2552.08 0.44 
1223.23 581.90 5704.88 0.20 
615.94 802.45 6238.96 0.56 
829.84 998.74 4859.96 0.28 
764.93 917.30 3408.39 0.53 
