804.36 970.49 7985.97 0.40 
846.34 817.70 4201.94 0.36 
728.15 914.95 4815.11 0.40 
1003.66 757.80 3709.17 0.51 
882.71 747.68 5395.76 0.51 
1022.97 1122.06 3004.43 0.34 
610.95 816.16 3259.56 0.37 
666.59 671.99 7421.90 0.23 
838.25 809.17 7545.72 0.44 
663.59 1100.22 5684.84 0.39 
568.98 1013.91 5083.42 0.39 
883.05 936.69 6556.95 0.56 
541.62 1124.33 4157.82 0.37 
923.13 1177.96 4503.54 0.54 
699.88 614.01 5730.99 0.51 
867.73 891.15 1932.91 0.36 
1131.08 1006.17 3348.44 0.25 
1078.63 808.65 5755.65 0.43 
1336.50 1259.21 6190.68 0.36 
670.75 580.56 7297.69 0.46 
777.12 649.82 6260.87 0.41 
757.84 1490.84 1284.95 0.37 
661.55 659.07 2529.89 0.46 
668.67 1200.85 3633.47 0.45 
1009.67 972.70 6152.25 0.30 
763.15 721.66 7777.12 0.41 
1309.80 820.72 837.37 0.39 
860.47 894.61 2161.26 0.49 
627.38 1014.27 7963.97 0.60 
669.40 749.18 5029.13 0.54 
608.02 1032.25 5159.53 0.71 
824.85 970.96 5589.25 0.27 
807.32 635.18 914.15 0.52 
1151.28 657.83 6277.23 0.40 
755.89 980.70 1119.49 0.39 
1113.60 806.85 4599.53 0.51 
587.93 804.17 2371.60 0.34 
687.68 620.97 5247.17 0.41 
556.82 639.34 2471.12 0.31 
692.87 768.59 2824.84 0.56 
1094.88 740.62 2581.55 0.34 
880.53 1119.65 1027.34 0.42 
823.24 884.45 3144.28 0.29 
696.68 580.27 3048.95 0.40 
1207.20 733.55 3175.27 0.33 
606.79 656.18 2277.82 0.34 
1101.48 986.40 3982.03 0.47 
656.71 699.46 7051.98 0.38 
547.20 869.87 7548.08 0.42 
1067.85 711.56 5516.70 0.37 
883.20 860.07 5055.51 0.41 
645.60 820.57 955.88 0.38 
996.60 771.39 4113.19 0.41 
550.25 1032.97 3048.67 0.39 
663.21 831.99 648.36 0.21 
754.35 609.16 5023.86 0.37 
1099.85 652.47 5272.46 0.50 
1029.64 930.99 7540.21 0.41 
766.02 880.11 2848.76 0.24 
870.14 659.51 2132.62 0.40 
891.83 1235.46 6009.36 0.33 
651.05 918.73 1661.02 0.41 
827.01 998.56 3394.14 0.43 
543.28 851.17 4266.32 0.43 
1364.40 619.45 7544.36 0.31 
1454.73 1205.75 5601.50 0.35 
1058.53 563.80 2121.57 0.33 
940.96 849.48 7797.51 0.33 
659.87 569.00 6398.33 0.51 
573.63 799.10 6022.90 0.55 
774.36 612.75 784.87 0.41 
1341.20 844.48 5941.38 0.37 
781.99 854.69 2525.90 0.47 
625.66 841.86 7978.18 0.37 
1096.95 949.65 3708.52 0.31 
1339.03 635.06 3997.28 0.47 
547.36 549.68 5267.01 0.30 
623.12 672.23 2039.53 0.29 
806.25 607.61 7338.03 0.25 
664.89 557.41 7564.14 0.33 
793.16 545.09 3662.87 0.21 
722.85 997.57 2521.26 0.52 
1215.36 800.13 5076.49 0.37 
579.80 824.23 2034.78 0.51 
637.72 1198.28 7709.88 0.26 
1135.61 866.93 2375.92 0.45 
774.83 846.64 2828.00 0.35 
1084.03 1061.53 5878.47 0.43 
795.47 591.81 7344.25 0.30 
1055.96 669.36 4105.67 0.45 
962.66 1166.88 1539.95 0.51 
895.57 1204.08 2430.40 0.28 
595.16 1120.27 6158.86 0.49 
930.03 546.73 7890.87 0.53 
747.70 638.00 4948.11 0.33 
1093.56 696.07 1902.42 0.45 
764.79 812.35 3294.04 0.39 
1000.69 828.92 5033.90 0.29 
1129.41 920.22 3061.57 0.28 
714.25 540.67 990.25 0.20 
963.20 1053.22 1314.26 0.35 
966.99 698.72 2646.89 0.23 
756.48 755.29 4817.24 0.28 
631.37 766.27 4558.79 0.47 
761.85 815.61 4504.08 0.45 
1112.19 622.28 6179.58 0.53 
1110.79 562.85 2208.11 0.50 
543.25 791.28 759.52 0.21 
1422.74 1260.38 3408.01 0.41 
782.51 1501.16 825.50 0.43 
827.79 582.58 3963.74 0.34 
610.83 1142.96 1331.90 0.56 
723.51 805.12 5701.85 0.43 
855.62 787.86 2663.12 0.34 
1358.87 712.84 2276.63 0.36 
590.71 793.44 2963.89 0.24 
1221.28 729.13 2055.62 0.49 
957.35 629.49 1622.38 0.50 
911.72 720.11 5364.06 0.35 
621.90 1122.74 7995.94 0.27 
987.67 844.70 5011.95 0.17 
793.30 615.46 1136.19 0.31 
1040.93 692.12 7591.24 0.39 
829.49 576.54 4127.56 0.35 
590.70 648.02 6718.18 0.53 
578.87 789.27 1001.77 0.46 
1202.39 569.46 6938.83 0.17 
556.91 1263.86 5465.78 0.38 
764.27 735.33 1535.08 0.45 
1278.83 670.64 5877.16 0.51 
652.74 1334.49 6655.38 0.39 
1118.26 641.82 6040.83 0.37 
1148.61 662.65 560.62 0.29 
656.97 808.23 2174.60 0.36 
1046.84 911.76 3013.81 0.42 
1159.82 1030.79 6365.96 0.47 
574.39 552.54 2793.51 0.32 
1030.89 578.85 2284.32 0.46 
935.82 685.34 3089.63 0.49 
678.27 708.63 2355.55 0.44 
759.91 922.50 2977.70 0.43 
587.78 568.44 5829.81 0.42 
609.39 1134.48 1118.46 0.37 
583.93 824.57 3418.42 0.23 
1018.38 741.13 3256.66 0.27 
602.45 735.28 5518.89 0.37 
600.74 605.80 1950.36 0.30 
1376.87 635.65 4431.70 0.49 
653.81 934.78 5243.98 0.49 
999.00 542.85 7773.34 0.42 
1169.57 835.25 3679.53 0.49 
