554.74 1106.61 6192.27 0.21 
707.20 908.45 3024.45 0.39 
912.52 630.86 4111.45 0.38 
647.44 911.28 4655.59 0.45 
724.18 896.66 5166.36 0.31 
586.25 672.18 2997.50 0.37 
619.75 655.27 5043.81 0.49 
843.61 1208.54 1045.23 0.37 
702.45 675.48 957.58 0.32 
620.76 727.09 7291.75 0.30 
736.68 815.21 7438.15 0.56 
993.05 547.06 4284.58 0.54 
799.72 1046.39 5226.10 0.35 
968.23 625.58 3618.97 0.17 
708.38 883.64 6972.49 0.49 
824.30 1230.95 3112.92 0.34 
805.61 1041.62 6022.49 0.39 
1250.99 769.59 5942.39 0.36 
649.84 1018.97 5643.87 0.32 
1197.66 915.46 2335.46 0.35 
851.43 950.33 5758.37 0.30 
1181.64 685.41 2354.96 0.41 
552.47 901.97 4808.90 0.55 
759.51 554.98 2204.08 0.38 
781.36 860.27 5689.55 0.37 
646.80 949.55 1516.10 0.32 
1161.68 989.77 4555.73 0.46 
910.11 730.03 6617.00 0.39 
681.40 629.50 7340.28 0.37 
666.17 1131.69 4592.61 0.34 
749.49 1200.93 4875.57 0.51 
689.22 886.31 7743.80 0.42 
833.48 670.44 623.66 0.46 
614.81 971.46 2034.45 0.39 
579.12 753.54 6585.83 0.28 
584.14 785.56 2597.15 0.43 
632.31 1113.46 1000.04 0.26 
612.35 855.29 2526.33 0.24 
1489.43 587.89 552.00 0.40 
785.54 670.08 1003.06 0.29 
753.70 1131.73 6423.40 0.33 
