612.57 598.66 5155.68 0.40 
799.96 719.43 4257.44 0.41 
901.73 608.97 7471.49 0.13 
888.37 589.78 3304.06 0.43 
1226.33 893.00 1532.98 0.40 
964.58 681.64 4933.80 0.38 
652.90 891.10 7873.25 0.34 
886.22 685.69 7837.25 0.56 
1272.95 754.96 1372.54 0.10 
653.33 916.40 3327.04 0.20 
948.90 1040.03 4087.88 0.34 
629.81 612.58 1132.72 0.47 
1659.24 972.75 1970.53 0.28 
650.55 759.48 5797.81 0.39 
798.27 854.33 6473.78 0.45 
566.25 1201.84 3757.76 0.49 
623.92 880.51 6860.10 0.33 
703.85 706.74 2759.20 0.44 
860.56 723.62 1116.55 0.42 
1328.69 886.51 3372.61 0.51 
769.39 580.21 3681.71 0.48 
1020.08 698.00 5075.68 0.50 
759.54 701.88 2282.34 0.44 
1273.89 616.47 5125.44 0.33 
561.81 701.81 1354.85 0.34 
825.15 875.28 3783.16 0.21 
609.70 895.15 3221.91 0.57 
916.82 860.76 7664.91 0.40 
634.21 990.68 5350.86 0.47 
769.32 795.63 6917.50 0.37 
774.91 670.13 2164.97 0.53 
634.27 826.49 7637.72 0.50 
928.82 702.06 7593.13 0.42 
646.68 1046.21 5203.11 0.36 
567.26 684.68 6808.05 0.43 
916.63 988.39 4733.81 0.41 
551.68 1167.75 3437.98 0.32 
872.29 727.46 6824.04 0.43 
564.47 1068.24 714.23 0.49 
954.65 731.45 2632.42 0.52 
751.47 832.22 5797.15 0.29 
811.33 622.98 4175.54 0.55 
1081.57 746.24 5328.53 0.35 
650.40 1286.69 7008.34 0.26 
785.51 720.57 5751.25 0.37 
768.08 746.09 3915.83 0.30 
791.93 892.39 2428.88 0.44 
912.50 584.47 2619.99 0.39 
683.97 617.33 1552.23 0.38 
933.40 616.07 6485.15 0.46 
587.05 1002.18 3719.30 0.29 
725.86 750.37 4077.96 0.34 
1042.42 798.92 1842.78 0.52 
663.85 566.35 2491.61 0.38 
1542.92 803.92 4949.30 0.38 
827.58 872.90 4446.18 0.38 
1235.83 1128.72 5470.41 0.32 
1003.30 875.20 4502.34 0.37 
796.14 937.81 7831.42 0.33 
760.35 1062.30 6916.51 0.50 
644.63 1175.78 3905.08 0.39 
1078.76 612.74 3021.99 0.28 
817.69 572.32 3407.67 0.50 
766.20 691.38 4461.98 0.50 
836.94 640.11 5680.41 0.33 
602.05 735.89 2230.70 0.42 
843.26 728.15 1364.57 0.57 
1370.72 551.21 1513.78 0.49 
808.78 785.70 5150.77 0.45 
710.90 747.34 6968.96 0.51 
1195.49 897.66 3216.55 0.26 
782.31 994.88 2903.02 0.41 
579.67 1252.48 1129.07 0.54 
1125.16 665.36 4597.45 0.32 
967.01 740.85 6727.94 0.43 
864.29 904.78 7419.30 0.31 
771.47 734.40 2923.32 0.43 
560.37 607.80 2006.97 0.40 
562.15 544.61 644.81 0.47 
565.18 646.09 3685.12 0.37 
1009.53 636.70 1424.38 0.44 
791.62 647.66 1905.32 0.34 
741.32 970.19 7339.70 0.32 
659.39 892.06 5887.74 0.50 
1175.29 856.01 4391.10 0.28 
883.21 961.20 7986.26 0.40 
655.48 912.67 4294.73 0.34 
1190.41 549.33 2768.12 0.38 
764.03 867.61 5255.12 0.38 
1127.43 1131.97 4608.77 0.37 
1157.48 680.76 3101.38 0.27 
758.30 1119.14 4000.40 0.38 
915.39 799.89 1682.60 0.39 
768.70 935.80 4744.16 0.39 
946.24 737.87 879.03 0.29 
858.75 668.57 4864.88 0.29 
818.75 1354.38 1127.18 0.34 
1104.13 685.56 6403.07 0.62 
943.69 658.71 2668.51 0.37 
678.75 688.14 3182.19 0.47 
1437.56 872.67 2165.17 0.40 
