309.270000 432.570000 0.320000 1368.460000
469.670000 505.950000 0.140000 1121.920000
375.910000 845.850000 0.330000 1474.650000
182.080000 258.840000 0.190000 1716.010000
433.130000 494.650000 0.150000 1136.530000
569.180000 154.840000 0.310000 2676.590000
614.130000 990.630000 0.010000 1061.060000
140.490000 403.140000 0.050000 1023.190000
948.300000 525.780000 0.120000 1795.710000
889.030000 426.880000 0.160000 1197.390000
315.440000 188.830000 0.050000 1283.950000
8.580000 586.410000 0.110000 3496.740000
770.490000 24.350000 0.100000 1880.330000
634.230000 870.560000 0.050000 2857.600000
409.820000 277.930000 0.150000 1275.380000
92.400000 753.660000 0.110000 898.630000
861.840000 743.170000 0.180000 2380.380000
622.420000 691.250000 0.120000 1455.380000
480.560000 4.260000 0.160000 1344.600000
92.610000 669.080000 0.060000 565.820000
944.250000 824.820000 0.100000 2990.930000
839.410000 884.740000 0.100000 2066.990000
486.710000 557.130000 0.290000 2251.450000
153.650000 449.090000 0.130000 1235.100000
801.330000 798.050000 0.230000 1544.920000
802.080000 83.870000 0.380000 1143.680000
581.140000 630.970000 0.150000 1349.910000
941.270000 866.520000 0.180000 1961.550000
963.220000 736.280000 0.350000 1112.190000
109.910000 802.590000 0.140000 1355.300000
564.810000 823.890000 0.250000 1988.120000
254.170000 679.340000 0.190000 1344.830000
48.940000 176.320000 0.230000 2444.230000
503.710000 666.050000 0.240000 1823.080000
991.170000 555.150000 0.220000 1587.160000
535.290000 62.390000 0.110000 2289.080000
752.680000 52.640000 0.190000 1444.130000
672.910000 921.440000 0.010000 1352.610000
99.990000 845.180000 0.330000 3579.450000
967.260000 572.010000 0.130000 989.180000
650.720000 168.400000 0.190000 1171.800000
408.920000 189.540000 0.080000 645.900000
742.090000 524.080000 0.240000 1496.250000
428.250000 698.640000 0.180000 1845.250000
279.550000 316.980000 0.030000 1074.120000
198.320000 716.360000 0.150000 2932.350000
258.370000 63.850000 0.400000 1738.450000
456.050000 688.220000 0.260000 872.860000
892.470000 18.060000 0.290000 1887.680000
973.980000 590.530000 0.070000 1445.520000
400.340000 862.970000 0.270000 1656.640000
498.720000 567.010000 0.190000 662.290000
616.510000 346.450000 0.200000 1495.480000
360.260000 159.700000 0.210000 567.390000
857.440000 470.530000 0.120000 1957.720000
287.170000 377.460000 0.350000 4542.810000
453.060000 149.680000 0.190000 1622.050000
984.680000 875.050000 0.310000 763.520000
157.230000 64.560000 0.080000 1205.230000
925.200000 977.940000 0.120000 1496.470000
307.670000 858.060000 0.160000 2205.670000
326.120000 912.990000 0.340000 2082.840000
228.120000 197.880000 0.080000 1434.950000
27.870000 250.360000 0.190000 3472.420000
693.540000 774.320000 0.330000 2880.110000
952.620000 339.840000 0.280000 1961.520000
773.160000 713.090000 0.310000 2253.730000
275.230000 760.250000 0.310000 2032.330000
23.800000 86.420000 0.050000 1279.560000
775.710000 642.150000 0.270000 1366.620000
371.200000 752.780000 0.100000 1243.000000
721.070000 91.560000 0.170000 3470.910000
867.230000 351.110000 0.120000 2670.150000
857.000000 21.010000 0.290000 3291.620000
143.800000 544.700000 0.250000 1430.070000
213.010000 491.380000 0.190000 1172.600000
467.790000 265.070000 0.290000 2452.380000
881.960000 637.010000 0.040000 3408.950000
673.400000 885.380000 0.150000 1624.310000
198.910000 489.270000 0.100000 2454.250000
385.910000 889.160000 0.210000 1224.560000
541.150000 14.320000 0.200000 2170.590000
228.670000 509.890000 0.400000 1423.800000
879.820000 761.320000 0.130000 1958.920000
940.990000 948.890000 0.260000 1694.400000
775.400000 395.610000 0.300000 3481.690000
661.100000 601.300000 0.040000 1214.770000
679.130000 773.310000 0.110000 1496.060000
760.570000 330.950000 0.170000 1321.850000
193.950000 531.690000 0.220000 752.270000
754.430000 866.860000 0.200000 2506.620000
985.850000 69.630000 0.120000 1295.530000
471.810000 929.860000 0.200000 885.080000
695.140000 457.440000 0.230000 1503.290000
313.310000 195.820000 0.300000 2879.170000
860.170000 715.910000 0.140000 1252.640000
636.160000 689.810000 0.170000 1659.710000
161.890000 705.350000 0.230000 2251.380000
746.920000 192.430000 0.010000 2748.430000
111.800000 271.470000 0.290000 1877.970000