191.490000 69.410000 0.220000 2695.650000
575.760000 551.970000 0.200000 1659.340000
310.190000 580.080000 0.150000 951.920000
706.400000 275.310000 0.370000 777.820000
994.520000 36.490000 0.170000 2013.900000
233.530000 45.370000 0.050000 1338.410000
518.860000 789.780000 0.110000 787.760000
692.540000 814.890000 0.330000 2689.040000
858.940000 167.110000 0.180000 1853.030000
867.440000 162.930000 0.060000 945.390000
902.030000 245.550000 0.150000 2850.810000
342.510000 709.720000 0.060000 1455.980000
214.630000 627.780000 0.210000 1376.600000
509.400000 507.450000 0.240000 2229.700000
601.640000 209.510000 0.100000 1921.230000
643.380000 488.240000 0.010000 926.560000
263.310000 480.320000 0.170000 1278.510000
627.510000 561.990000 0.010000 1678.560000
102.110000 709.230000 0.180000 1915.430000
712.970000 222.620000 0.150000 1366.930000
