391.020000 526.670000 0.300000 1255.410000
531.790000 373.050000 0.330000 3865.210000
901.150000 201.730000 0.340000 1228.860000
478.370000 417.210000 0.240000 1947.020000
227.380000 208.010000 0.160000 1975.380000
25.320000 52.150000 0.430000 1355.950000
195.460000 139.430000 0.180000 710.560000
124.170000 448.320000 0.110000 1332.730000
135.940000 51.360000 0.350000 2078.560000
890.960000 92.380000 0.210000 907.420000
247.570000 960.000000 0.360000 2593.200000
53.500000 123.760000 0.220000 3441.980000
518.220000 130.470000 0.140000 964.330000
178.030000 304.290000 0.160000 2074.040000
447.880000 544.630000 0.310000 1721.000000
267.420000 280.330000 0.210000 1492.350000
882.940000 269.610000 0.260000 1713.860000
272.940000 736.130000 0.160000 3487.180000
87.030000 355.710000 0.310000 1954.460000
233.150000 9.480000 0.220000 1388.840000
582.890000 113.570000 0.220000 921.920000
324.120000 584.520000 0.250000 1173.750000
952.980000 390.330000 0.160000 1473.190000
321.980000 345.020000 0.110000 1599.020000
929.170000 529.390000 0.250000 1673.380000
241.360000 410.070000 0.120000 842.310000
814.690000 167.170000 0.160000 698.730000
511.040000 302.970000 0.200000 1302.680000
524.910000 982.850000 0.030000 903.640000
538.380000 270.130000 0.160000 1189.150000
