954.760000 320.770000 0.280000 1672.390000
698.660000 718.420000 0.260000 922.710000
260.360000 250.430000 0.060000 2083.840000
826.020000 379.330000 0.340000 2675.110000
372.950000 940.630000 0.010000 1341.460000
706.710000 34.440000 0.270000 1049.730000
358.490000 249.910000 0.320000 1721.160000
163.360000 930.720000 0.010000 855.780000
535.730000 695.610000 0.060000 2202.300000
754.030000 570.920000 0.360000 1692.970000
340.100000 279.080000 0.250000 2559.050000
125.270000 213.120000 0.400000 3146.780000
895.600000 314.900000 0.170000 1961.090000
629.560000 489.580000 0.180000 960.190000
425.400000 330.460000 0.150000 3128.450000
86.500000 54.800000 0.210000 1428.990000
638.390000 233.420000 0.010000 848.030000
664.920000 52.450000 0.020000 3734.170000
643.840000 938.190000 0.230000 2629.970000
31.850000 350.090000 0.260000 2143.270000
226.670000 921.810000 0.300000 3008.320000
796.060000 654.580000 0.210000 987.220000
827.440000 678.140000 0.360000 2510.800000
278.350000 824.250000 0.070000 771.620000
141.730000 958.520000 0.030000 1780.990000
839.340000 13.580000 0.100000 1248.080000
86.900000 121.570000 0.240000 1371.140000
392.840000 457.210000 0.180000 1597.260000
29.280000 825.140000 0.120000 1967.050000
878.530000 957.410000 0.020000 1419.910000
129.520000 732.270000 0.150000 872.430000
277.260000 263.120000 0.320000 573.810000
689.380000 274.120000 0.160000 1375.440000
568.690000 946.380000 0.270000 2116.090000
715.520000 997.880000 0.330000 2485.690000
890.710000 606.650000 0.080000 924.940000
402.520000 225.470000 0.310000 1216.630000
404.020000 538.870000 0.340000 1239.570000
980.390000 99.050000 0.140000 2106.260000
608.100000 536.240000 0.200000 3820.430000
