143.640000 361.540000 0.330000 1558.720000
133.840000 668.600000 0.290000 2190.300000
727.400000 671.450000 0.300000 1476.110000
848.860000 515.540000 0.240000 1568.860000
23.430000 931.310000 0.250000 1366.870000
893.710000 808.830000 0.040000 2005.710000
77.010000 397.080000 0.290000 2016.490000
995.600000 600.480000 0.090000 227.320000
769.880000 66.380000 0.200000 3144.440000
560.610000 433.890000 0.230000 1174.340000
614.110000 697.890000 0.230000 2708.480000
782.930000 268.390000 0.340000 1666.700000
307.990000 40.970000 0.190000 2343.300000
859.170000 481.320000 0.290000 1689.310000
93.880000 503.680000 0.230000 2097.270000
260.660000 906.600000 0.240000 1621.600000
914.850000 971.120000 0.170000 3486.680000
871.630000 930.770000 0.190000 2807.390000
955.450000 446.180000 0.160000 296.700000
470.450000 334.240000 0.210000 2788.020000
489.530000 210.080000 0.260000 1365.480000
111.000000 574.660000 0.070000 2029.380000
784.190000 148.100000 0.220000 587.100000
412.690000 219.250000 0.200000 2159.500000
960.800000 186.070000 0.180000 1373.270000
558.160000 219.140000 0.180000 2165.250000
304.660000 5.820000 0.270000 1510.420000
333.430000 746.030000 0.240000 1610.970000
101.070000 384.320000 0.190000 2030.030000
545.950000 723.420000 0.260000 1162.060000
690.150000 595.950000 0.300000 1746.240000
751.970000 678.110000 0.240000 2607.790000
158.320000 877.970000 0.320000 2838.970000
787.350000 675.630000 0.290000 2002.450000
379.790000 638.500000 0.380000 1746.630000
785.440000 147.950000 0.190000 4274.410000
588.480000 456.210000 0.130000 965.810000
211.590000 197.660000 0.140000 1503.520000
187.100000 439.780000 0.100000 1855.790000
488.120000 249.020000 0.200000 2166.050000
817.170000 912.770000 0.270000 691.040000
971.190000 115.370000 0.330000 664.340000
725.580000 373.160000 0.420000 2182.940000
228.700000 333.560000 0.240000 1870.420000
376.910000 53.060000 0.220000 1594.070000
393.220000 192.640000 0.260000 702.520000
164.650000 883.640000 0.160000 1283.040000
194.940000 57.070000 0.110000 3349.230000
508.420000 345.600000 0.360000 631.660000
559.250000 596.190000 0.210000 1410.640000
903.090000 453.230000 0.320000 1819.880000
479.070000 372.420000 0.250000 2009.870000
845.690000 592.210000 0.250000 825.500000
486.710000 684.180000 0.140000 1802.560000
285.690000 184.750000 0.140000 668.360000
261.850000 613.650000 0.230000 764.240000
554.960000 564.340000 0.400000 1454.880000
273.430000 603.020000 0.180000 865.910000
526.740000 282.640000 0.180000 1187.700000
71.750000 9.320000 0.300000 3910.950000
202.570000 512.780000 0.200000 1260.870000
340.300000 755.450000 0.210000 1662.640000
93.370000 743.170000 0.440000 1492.380000
443.900000 967.910000 0.200000 3235.010000
263.120000 959.720000 0.190000 3515.100000
204.810000 34.920000 0.180000 1406.370000
53.240000 687.290000 0.170000 2576.050000
179.260000 893.550000 0.340000 746.920000
869.150000 821.860000 0.260000 2584.570000
728.840000 366.870000 0.250000 3013.870000
42.140000 571.270000 0.250000 2547.520000
829.710000 754.170000 0.180000 1279.500000
571.360000 387.940000 0.210000 2659.860000
772.920000 972.190000 0.110000 1786.450000
736.510000 532.390000 0.180000 1992.210000
244.160000 70.720000 0.410000 1156.630000
404.550000 868.990000 0.390000 994.060000
790.200000 189.800000 0.140000 1569.510000
973.710000 471.380000 0.310000 2062.310000
223.310000 14.950000 0.200000 1300.820000
