83.710000 715.060000 0.050000 2613.210000
503.260000 553.420000 0.210000 839.090000
49.670000 266.710000 0.220000 2289.010000
942.480000 425.080000 0.200000 719.190000
409.480000 209.220000 0.220000 1800.040000
903.350000 646.850000 0.170000 1258.110000
571.190000 622.200000 0.160000 2101.570000
652.140000 300.110000 0.280000 2152.390000
854.360000 392.160000 0.330000 2329.290000
493.530000 704.600000 0.030000 234.330000
892.110000 510.270000 0.220000 3143.110000
329.490000 880.130000 0.060000 1614.840000
777.150000 246.810000 0.150000 3159.550000
245.910000 466.710000 0.130000 1131.180000
579.360000 731.950000 0.270000 2574.080000
89.560000 985.650000 0.150000 559.770000
5.450000 8.830000 0.080000 2575.120000
986.670000 139.800000 0.230000 3830.000000
83.440000 504.070000 0.230000 3231.960000
436.630000 622.010000 0.240000 1259.790000
232.840000 190.000000 0.110000 2304.190000
202.460000 33.700000 0.300000 2252.900000
197.730000 399.730000 0.120000 1041.860000
288.420000 336.710000 0.010000 2511.370000
696.160000 215.360000 0.220000 1607.930000
904.070000 776.890000 0.120000 1091.480000
352.980000 741.050000 0.250000 1337.190000
53.360000 31.240000 0.120000 852.940000
210.180000 612.670000 0.290000 1843.680000
765.140000 335.470000 0.190000 2102.380000
213.520000 157.190000 0.180000 1220.450000
625.760000 698.710000 0.220000 2507.630000
435.880000 361.230000 0.150000 2500.770000
597.600000 717.110000 0.190000 987.910000
293.730000 699.820000 0.310000 1337.840000
882.210000 744.850000 0.170000 2302.430000
490.740000 759.700000 0.340000 1396.350000
704.730000 92.370000 0.180000 1532.160000
114.050000 65.860000 0.170000 1504.620000
75.100000 446.770000 0.160000 1348.140000
875.530000 184.890000 0.200000 2561.410000
907.470000 15.410000 0.120000 2356.920000
131.060000 234.050000 0.130000 1102.100000
265.700000 801.580000 0.230000 2784.590000
254.170000 83.660000 0.050000 987.840000
540.810000 612.620000 0.080000 1187.490000
700.540000 70.920000 0.230000 1480.670000
995.090000 197.500000 0.300000 1983.750000
761.580000 352.200000 0.170000 1936.260000
268.990000 777.590000 0.170000 1381.530000
195.510000 284.010000 0.140000 1111.450000
530.410000 701.990000 0.180000 2800.140000
69.890000 844.090000 0.400000 725.910000
153.410000 371.360000 0.070000 1908.680000
895.620000 224.450000 0.290000 3445.330000
827.530000 540.430000 0.170000 1077.570000
632.460000 518.510000 0.260000 3327.480000
283.060000 504.740000 0.360000 1181.740000
226.970000 738.380000 0.160000 1865.680000
428.760000 889.420000 0.300000 2441.620000
669.770000 4.010000 0.220000 3045.110000
980.740000 767.100000 0.090000 1910.230000
568.790000 77.890000 0.180000 2124.870000
652.870000 83.000000 0.280000 2678.040000
827.360000 730.520000 0.290000 2035.630000
707.910000 461.550000 0.160000 1289.640000
959.700000 366.530000 0.310000 650.310000
599.490000 15.750000 0.190000 851.120000
668.240000 62.870000 0.250000 1310.160000
958.880000 259.410000 0.260000 761.470000
967.240000 251.320000 0.170000 2074.450000
499.420000 566.830000 0.290000 2294.090000
28.540000 250.550000 0.250000 2391.010000
904.470000 170.880000 0.160000 1401.960000
165.240000 269.090000 0.360000 990.270000
558.470000 900.640000 0.080000 2860.280000
636.280000 545.370000 0.030000 2188.700000
954.760000 205.490000 0.210000 1292.720000
943.520000 971.350000 0.330000 704.310000
851.310000 624.700000 0.150000 695.860000
181.640000 153.800000 0.090000 1352.870000
772.860000 490.080000 0.290000 1139.210000
225.380000 112.670000 0.260000 3588.680000
67.670000 656.550000 0.250000 2164.230000
918.580000 64.160000 0.320000 1985.380000
787.070000 860.990000 0.300000 2404.370000
454.800000 915.590000 0.270000 1267.340000
8.650000 552.350000 0.190000 1987.910000
213.780000 917.690000 0.310000 1126.190000
43.290000 382.540000 0.110000 3248.610000
