774.46 896.58 1649.36 0.35 
258.87 531.93 1291.36 0.26 
762.81 956.71 804.03 0.36 
145.01 671.88 1799.33 0.42 
290.05 856.98 1654.06 0.11 
56.98 553.15 834.29 0.32 
807.63 411.74 1516.58 0.28 
19.81 451.11 2289.41 0.32 
712.28 164.71 1202.52 0.54 
74.67 756.86 1676.31 0.42 
275.56 416.39 1700.37 0.53 
601.41 629.34 895.34 0.54 
354.11 195.70 1005.13 0.31 
391.49 830.75 2983.58 0.35 
622.10 164.66 1451.68 0.19 
586.22 222.67 2005.40 0.45 
242.28 224.66 2152.20 0.27 
639.37 822.49 601.84 0.42 
976.04 916.70 1357.05 0.42 
681.49 868.40 585.72 0.40 
183.08 572.26 1702.51 0.26 
647.44 208.35 1986.94 0.59 
514.25 277.20 915.50 0.31 
71.98 534.76 1169.86 0.42 
220.82 710.85 1443.21 0.39 
808.18 630.91 1244.03 0.49 
332.75 672.99 1683.63 0.62 
29.72 303.79 2500.55 0.33 
767.37 922.73 1373.67 0.21 
644.75 56.29 1725.33 0.33 
67.09 837.16 1710.28 0.46 
782.01 632.31 975.89 0.40 
607.62 320.58 1869.53 0.35 
868.38 262.48 2398.69 0.28 
20.41 526.10 1978.88 0.16 
265.04 985.57 3607.18 0.42 
318.96 911.97 1563.17 0.30 
681.17 637.52 1616.27 0.47 
968.54 270.62 1371.62 0.26 
59.80 633.47 1696.20 0.36 
381.97 917.99 1613.49 0.48 
201.29 240.31 782.93 0.30 
128.77 694.20 2826.64 0.58 
631.97 701.00 971.75 0.45 
405.07 740.66 2487.04 0.43 
665.85 956.23 941.92 0.27 
2.69 818.85 1775.59 0.32 
978.94 272.75 673.70 0.35 
437.74 814.73 1133.96 0.43 
501.76 366.32 1246.45 0.32 
933.38 823.19 1220.34 0.36 
924.93 465.29 1617.75 0.37 
304.70 76.27 803.51 0.36 
445.10 640.87 2024.94 0.48 
253.25 917.26 1716.85 0.41 
598.89 902.12 1703.17 0.45 
257.98 934.16 1512.68 0.33 
637.02 367.08 890.29 0.42 
841.36 355.42 832.45 0.50 
80.37 952.14 890.54 0.33 
14.01 439.77 1520.85 0.50 
27.43 725.05 1210.60 0.50 
757.54 121.08 1349.45 0.36 
804.60 426.16 1226.28 0.34 
419.94 816.20 2449.93 0.28 
477.07 837.98 1186.90 0.56 
375.62 485.99 1588.94 0.44 
81.19 164.81 2369.57 0.33 
576.15 630.39 1205.62 0.32 
664.81 439.34 620.44 0.42 
99.23 472.26 2036.97 0.44 
999.37 96.80 794.06 0.39 
231.25 669.87 1365.45 0.31 
278.60 223.67 584.00 0.41 
310.76 226.34 2129.35 0.50 
68.07 898.54 1846.97 0.30 
661.48 20.20 1355.03 0.27 
997.25 377.56 1901.62 0.34 
678.18 452.16 2035.19 0.38 
170.73 343.56 2337.15 0.37 
48.00 930.49 1381.34 0.48 
454.47 823.34 2744.52 0.40 
323.83 344.62 1550.82 0.35 
802.08 795.06 1268.62 0.28 
573.74 800.71 1309.72 0.51 
717.66 650.56 863.92 0.49 
645.60 914.44 2024.10 0.27 
98.51 64.99 1152.92 0.42 
75.59 28.67 1217.89 0.68 
810.77 58.89 671.79 0.33 
773.48 202.36 1969.18 0.35 
873.30 39.94 1289.54 0.45 
108.26 513.43 1869.70 0.53 
464.14 890.92 1009.24 0.36 
742.80 642.86 554.40 0.62 
725.06 57.22 1065.74 0.32 
703.09 328.01 1036.24 0.33 
583.52 494.53 2952.16 0.34 
470.49 756.95 1056.32 0.23 
299.82 3.66 1628.03 0.28 
937.67 446.52 1701.13 0.54 
