675.84 417.45 2147.73 0.35 
630.61 121.07 2172.51 0.35 
377.93 327.74 567.68 0.44 
787.94 478.56 2879.54 0.49 
953.89 25.73 736.79 0.27 
897.04 297.66 1117.41 0.24 
278.78 555.24 1674.68 0.16 
830.98 413.98 808.68 0.30 
55.54 815.51 2318.23 0.38 
494.01 58.97 1389.35 0.49 
622.84 366.58 1167.28 0.57 
415.10 986.50 1231.16 0.35 
528.65 164.34 1094.60 0.35 
625.36 105.57 1285.56 0.47 
212.24 525.38 1298.21 0.40 
71.82 574.58 2400.24 0.21 
560.75 951.73 2778.23 0.41 
697.77 265.40 1890.74 0.51 
247.24 249.31 795.55 0.35 
672.69 202.34 1921.70 0.51 
242.54 523.06 773.71 0.40 
719.18 88.18 1655.36 0.32 
183.96 701.62 1137.43 0.26 
652.04 243.25 1762.45 0.40 
913.82 763.25 1476.73 0.48 
909.21 177.15 1268.05 0.51 
335.41 534.25 2181.57 0.29 
262.48 888.31 1483.18 0.45 
215.71 995.30 908.16 0.42 
998.65 723.44 1062.99 0.28 
962.86 348.63 1493.09 0.45 
561.86 935.91 1488.18 0.19 
70.80 509.48 873.09 0.57 
51.71 744.33 606.49 0.61 
531.36 233.72 1280.85 0.57 
639.36 825.34 1583.94 0.45 
318.59 276.08 1535.79 0.34 
157.37 469.35 2234.98 0.35 
135.94 991.59 1776.74 0.54 
54.73 606.17 1083.26 0.37 
144.01 797.87 1636.71 0.36 
5.18 166.38 979.14 0.23 
844.74 266.82 812.64 0.34 
586.41 712.59 844.61 0.42 
754.72 118.17 2589.67 0.50 
185.85 455.20 658.50 0.24 
850.38 558.89 1603.15 0.40 
162.71 994.70 713.08 0.63 
986.09 715.96 1988.68 0.33 
38.76 816.83 1325.10 0.27 
872.98 15.73 1219.21 0.45 
284.89 448.15 1909.53 0.51 
643.04 391.83 797.85 0.36 
5.83 574.42 1960.62 0.53 
216.01 981.69 1023.07 0.61 
341.58 478.91 915.00 0.38 
423.73 276.72 1416.94 0.50 
745.39 95.18 1544.21 0.38 
240.55 504.69 660.88 0.33 
961.26 341.69 1964.56 0.37 
212.68 780.01 2143.81 0.49 
709.88 342.52 1141.24 0.52 
794.02 394.91 1278.08 0.36 
952.72 598.76 1044.47 0.37 
379.42 634.27 1286.71 0.48 
497.51 194.07 1943.48 0.33 
306.10 971.54 1307.93 0.28 
443.10 59.82 1894.03 0.32 
473.71 191.26 1151.39 0.46 
50.79 133.11 1503.80 0.53 
847.75 334.04 1968.95 0.42 
538.70 684.41 1360.84 0.41 
369.48 776.84 1519.94 0.43 
693.81 20.11 2749.84 0.41 
438.31 851.02 1445.01 0.37 
206.17 354.96 1282.41 0.25 
477.04 222.15 1428.23 0.43 
75.32 655.57 1969.57 0.40 
281.28 572.45 1586.01 0.46 
99.67 261.51 1740.28 0.29 
116.66 654.24 893.88 0.28 
316.11 756.63 1883.86 0.33 
411.14 439.71 1560.70 0.16 
744.42 878.56 2641.09 0.61 
526.75 251.40 1616.91 0.43 
46.81 787.43 1217.94 0.46 
441.51 493.69 986.88 0.51 
827.62 159.93 861.71 0.29 
265.56 946.67 2163.29 0.38 
566.33 806.53 1927.87 0.27 
719.28 761.80 1911.66 0.40 
345.17 629.25 1718.82 0.39 
958.22 997.72 1339.11 0.30 
51.24 124.87 1275.61 0.32 
209.74 143.26 2337.93 0.46 
5.44 501.71 737.26 0.29 
439.19 932.01 1351.63 0.38 
602.80 103.72 1508.70 0.37 
864.70 405.44 1574.68 0.47 
601.39 837.02 1890.85 0.49 
345.20 623.28 937.29 0.49 
931.21 864.56 1537.73 0.28 
58.32 354.39 1335.59 0.32 
27.87 994.00 1196.25 0.33 
124.97 158.58 1004.58 0.45 
645.48 31.25 1499.91 0.35 
914.90 349.20 1230.20 0.36 
243.08 333.90 2358.40 0.39 
249.23 714.99 798.18 0.52 
442.38 880.16 1835.44 0.29 
998.23 592.46 921.69 0.50 
751.45 202.75 1912.88 0.52 
128.35 880.42 2131.08 0.54 
969.79 434.44 1032.29 0.45 
883.79 48.01 1973.50 0.42 
119.94 712.09 1401.10 0.45 
874.61 725.59 1498.51 0.13 
776.93 106.72 1582.33 0.36 
593.42 412.46 1697.96 0.35 
630.30 733.02 2188.51 0.29 
582.44 462.11 740.56 0.56 
558.36 467.40 1415.86 0.18 
735.87 298.28 1736.12 0.26 
417.16 820.34 550.80 0.61 
242.24 706.43 1421.55 0.38 
848.55 596.31 1191.00 0.44 
467.60 674.10 609.58 0.49 
344.97 491.50 1791.05 0.50 
751.93 210.16 2342.96 0.51 
430.37 261.06 725.72 0.37 
64.61 651.65 899.82 0.45 
436.49 399.21 1531.58 0.33 
745.62 414.24 1860.10 0.37 
983.53 858.11 1619.76 0.25 
979.31 909.10 1131.43 0.39 
881.25 457.32 995.04 0.37 
119.42 338.03 2270.50 0.36 
917.98 651.17 1421.39 0.45 
745.65 396.90 1026.47 0.36 
524.60 906.16 1114.77 0.32 
202.22 123.63 1504.44 0.36 
912.37 346.28 1170.54 0.32 
991.06 485.09 1350.67 0.33 
266.08 636.59 1323.01 0.29 
492.70 21.75 1390.53 0.29 
409.32 454.34 2135.97 0.35 
115.84 379.60 1442.90 0.34 
980.74 831.20 618.76 0.43 
763.65 727.59 872.56 0.34 
206.61 208.85 916.76 0.44 
908.30 460.87 612.80 0.40 
