938.31 36.22 2017.65 0.39 
368.72 245.98 2436.61 0.47 
283.40 101.56 1190.14 0.54 
954.74 901.08 1733.74 0.40 
611.13 57.46 1495.14 0.26 
522.02 353.02 781.82 0.33 
331.75 765.41 1991.82 0.35 
930.09 2.69 724.77 0.33 
42.77 177.40 944.47 0.51 
499.18 681.77 923.01 0.42 
661.00 545.64 1657.19 0.50 
968.44 810.13 2103.53 0.37 
505.37 70.44 1983.66 0.46 
215.20 63.43 2170.02 0.33 
708.92 662.01 1494.83 0.51 
783.66 772.07 1334.56 0.32 
541.64 89.16 563.87 0.32 
812.37 345.92 1000.57 0.46 
628.63 728.20 2333.31 0.35 
223.32 94.48 1497.59 0.58 
264.23 685.76 769.22 0.27 
