679.96 824.14 1424.96 0.46 
84.47 59.20 1791.78 0.57 
226.56 520.55 2236.56 0.36 
284.64 573.72 1190.51 0.27 
597.78 269.91 2078.78 0.45 
469.68 234.85 2062.11 0.36 
938.23 136.00 2227.91 0.41 
465.22 872.47 2456.56 0.37 
759.60 140.06 2133.65 0.37 
772.20 308.58 685.60 0.71 
739.61 420.06 673.12 0.52 
824.87 885.39 1617.85 0.30 
176.22 356.44 1321.34 0.52 
929.48 785.52 1640.21 0.48 
208.67 105.18 1769.64 0.41 
989.02 960.92 1093.45 0.62 
246.72 812.47 1279.46 0.41 
648.45 706.86 2261.70 0.34 
855.68 17.16 661.21 0.46 
227.07 437.20 2691.34 0.56 
738.11 121.29 2009.15 0.25 
