461.71 478.43 1175.11 0.38 
190.74 680.25 1069.54 0.45 
434.02 948.46 683.18 0.44 
696.28 996.70 1004.27 0.22 
4.66 710.23 1248.79 0.45 
414.77 73.69 2087.25 0.19 
737.98 42.14 967.14 0.44 
636.33 10.32 2495.95 0.35 
999.23 209.67 2441.73 0.25 
557.13 192.10 881.21 0.49 
743.98 672.54 1724.10 0.42 
44.94 876.69 1463.68 0.42 
375.86 968.41 1628.16 0.42 
670.16 473.24 1157.42 0.56 
880.67 633.27 1161.73 0.36 
582.09 811.64 2280.79 0.45 
575.60 34.12 2330.94 0.51 
763.73 482.56 2115.73 0.37 
486.76 505.95 1106.59 0.39 
977.32 228.77 1971.37 0.51 
699.63 11.56 583.37 0.55 
813.52 386.91 1928.30 0.48 
709.12 692.38 897.49 0.31 
880.36 350.13 1903.59 0.57 
347.64 117.42 1853.88 0.45 
466.59 857.03 2068.91 0.44 
890.83 933.35 1262.95 0.56 
345.08 849.79 2278.48 0.30 
357.84 595.49 1119.49 0.50 
553.91 502.64 2469.72 0.35 
340.07 240.60 1126.83 0.67 
519.81 445.07 711.64 0.42 
244.36 827.35 2102.17 0.38 
235.12 917.67 1319.70 0.36 
32.19 899.77 1011.11 0.52 
35.59 652.22 1018.01 0.52 
117.15 658.40 1698.02 0.38 
972.91 293.12 1463.90 0.30 
364.41 89.84 1332.57 0.47 
659.80 631.26 1765.04 0.51 
264.94 299.50 2055.68 0.52 
562.89 340.95 2226.71 0.39 
556.27 708.72 1214.22 0.47 
13.28 158.89 1330.04 0.36 
383.61 661.97 1374.75 0.55 
129.05 965.24 551.30 0.59 
668.98 194.47 671.56 0.39 
537.38 289.08 1823.07 0.63 
640.24 136.74 1663.27 0.21 
336.20 714.87 891.47 0.53 
502.78 488.52 1198.21 0.41 
440.95 187.41 2314.21 0.47 
377.54 638.24 1057.85 0.48 
67.33 557.36 945.39 0.25 
823.96 799.63 958.70 0.40 
57.66 958.51 600.21 0.42 
283.69 199.17 1629.72 0.36 
467.59 924.51 1068.39 0.36 
471.63 496.30 1662.85 0.39 
900.42 25.14 1603.41 0.42 
279.41 524.54 545.21 0.47 
565.89 297.57 792.31 0.37 
899.42 280.83 2515.03 0.38 
712.24 762.76 1283.85 0.53 
207.32 691.82 2168.91 0.42 
651.11 823.92 1414.84 0.37 
618.29 779.22 1419.81 0.42 
982.22 645.54 897.12 0.36 
647.45 618.18 1616.51 0.39 
201.79 586.32 872.64 0.44 
824.05 819.22 2739.48 0.34 
719.96 117.44 1572.56 0.53 
828.77 7.06 1763.77 0.43 
446.67 182.77 1282.68 0.15 
216.81 962.49 902.54 0.50 
763.70 766.54 1243.47 0.45 
657.96 233.24 2614.39 0.47 
568.00 216.65 687.52 0.29 
649.52 307.19 1292.29 0.29 
534.78 150.94 1932.84 0.54 
344.95 28.67 1493.52 0.36 
150.18 145.99 1579.90 0.45 
778.80 183.70 1128.37 0.33 
945.20 801.85 1579.87 0.46 
968.83 891.33 2031.22 0.30 
723.61 695.29 2294.24 0.36 
333.72 128.84 1242.57 0.48 
115.14 511.81 1684.82 0.28 
598.23 854.74 3052.98 0.41 
156.78 694.64 2491.01 0.29 
966.74 442.99 1597.65 0.50 
663.75 5.91 749.79 0.49 
257.28 628.29 1293.11 0.34 
209.25 777.99 1167.95 0.54 
906.09 709.66 2436.78 0.53 
599.37 488.95 2134.09 0.29 
110.86 146.33 862.09 0.38 
774.04 846.49 1081.60 0.41 
789.69 888.48 569.26 0.42 
253.89 363.30 684.75 0.48 
732.50 249.09 1231.62 0.43 
209.86 582.22 1150.67 0.25 
128.42 980.25 1338.01 0.49 
281.76 620.46 1971.60 0.54 
213.52 558.95 1659.89 0.34 
692.21 584.23 876.54 0.39 
819.94 806.78 2537.90 0.38 
475.02 23.33 2093.89 0.33 
173.96 612.70 1212.15 0.24 
696.67 890.68 1409.10 0.38 
14.32 148.32 2013.25 0.46 
33.71 216.75 1949.02 0.40 
443.64 963.95 2682.81 0.50 
568.57 750.04 1398.79 0.34 
418.68 337.76 2190.39 0.37 
975.03 330.74 768.72 0.31 
296.22 279.15 1429.88 0.36 
630.61 508.78 2369.88 0.48 
820.68 423.72 1676.61 0.41 
564.55 473.85 1104.53 0.42 
639.36 416.71 966.60 0.30 
432.79 394.34 931.81 0.38 
209.05 183.34 707.66 0.62 
9.47 753.08 1761.39 0.56 
491.02 100.69 1211.53 0.38 
559.06 789.43 784.86 0.22 
374.44 590.89 1346.52 0.37 
166.53 102.70 1403.11 0.46 
404.91 78.81 606.00 0.38 
870.59 317.41 2212.95 0.32 
284.90 829.80 1311.07 0.44 
686.00 255.72 596.16 0.41 
247.32 589.21 1990.41 0.49 
187.96 688.42 1650.50 0.54 
847.81 573.33 1179.64 0.38 
838.62 650.02 1415.13 0.38 
873.10 551.15 748.17 0.19 
192.40 791.89 1117.92 0.62 
893.41 53.06 1637.94 0.42 
253.57 925.20 1018.05 0.40 
800.28 141.82 1705.62 0.34 
761.43 963.68 1675.62 0.42 
345.44 384.63 1193.48 0.41 
933.43 936.84 1277.97 0.48 
940.89 325.01 1331.35 0.41 
44.35 704.53 2358.41 0.43 
580.00 726.54 813.44 0.28 
205.85 891.70 1057.25 0.32 
809.76 456.64 1747.89 0.38 
330.80 381.57 1061.42 0.53 
916.61 110.53 563.18 0.38 
722.04 290.13 995.15 0.23 
403.58 308.18 2320.44 0.35 
168.38 605.49 1708.87 0.36 
33.68 201.08 1416.52 0.40 
218.50 851.47 970.39 0.36 
119.25 721.00 2092.92 0.30 
245.17 43.76 636.85 0.39 
855.83 816.59 801.69 0.58 
521.10 493.65 2404.70 0.44 
663.61 633.05 1233.19 0.25 
268.75 403.47 1251.19 0.53 
121.25 776.50 1813.18 0.38 
189.73 739.90 935.19 0.20 
895.89 403.76 1548.50 0.30 
445.45 197.69 1334.72 0.46 
405.16 526.02 2604.77 0.37 
276.71 633.52 1050.09 0.37 
939.60 203.88 2100.63 0.47 
191.68 694.91 2503.43 0.38 
848.50 34.30 1583.01 0.48 
903.73 356.07 1030.05 0.17 
702.56 734.19 2821.99 0.37 
394.03 144.05 3804.07 0.43 
221.41 662.08 1138.34 0.57 
749.81 264.44 1542.28 0.38 
151.55 690.09 1044.90 0.30 
875.45 965.55 1088.93 0.31 
236.76 50.99 1036.38 0.72 
86.55 989.62 1601.12 0.42 
302.57 198.99 1468.38 0.39 
721.98 104.54 2178.53 0.49 
221.63 599.83 1697.48 0.26 
697.40 572.33 1150.18 0.29 
907.84 922.73 2754.16 0.28 
777.79 152.70 1095.42 0.40 
353.14 761.72 1452.48 0.44 
873.81 350.59 1254.43 0.34 
247.94 639.93 724.60 0.41 
925.89 163.17 1635.27 0.41 
670.08 221.43 1444.10 0.52 
694.17 459.14 906.25 0.40 
269.91 901.08 1587.70 0.43 
737.64 306.37 1992.12 0.36 
982.60 993.55 1635.34 0.44 
959.96 353.12 871.40 0.38 
551.94 783.76 1561.45 0.33 
696.36 644.37 1044.89 0.40 
620.05 619.81 2112.35 0.55 
489.22 725.61 2248.80 0.32 
220.37 866.53 1696.92 0.30 
