68.75 232.25 988.19 0.25 
879.78 152.74 1042.33 0.26 
487.94 789.96 939.83 0.42 
786.98 640.81 1750.21 0.30 
881.09 145.93 749.99 0.40 
774.42 147.71 2036.04 0.48 
116.07 375.44 681.18 0.17 
265.40 11.92 736.30 0.53 
30.77 53.81 856.79 0.41 
531.26 783.03 1639.50 0.50 
985.45 288.65 1545.27 0.43 
476.93 14.56 846.39 0.52 
241.99 817.73 813.23 0.25 
369.13 531.83 1043.16 0.44 
863.95 617.00 879.13 0.21 
673.60 509.50 1288.15 0.31 
880.54 962.75 1387.81 0.32 
670.79 535.90 1665.61 0.34 
222.67 259.21 1719.86 0.25 
496.95 854.14 1783.93 0.47 
50.18 362.89 1854.10 0.36 
347.19 30.47 1300.35 0.41 
4.76 494.99 1526.69 0.57 
369.71 119.52 1902.08 0.40 
177.98 974.53 799.18 0.43 
69.92 757.24 1611.13 0.39 
43.90 971.04 1234.55 0.65 
76.51 631.97 1478.72 0.42 
711.88 764.06 886.48 0.43 
849.06 152.95 2526.54 0.40 
879.23 807.03 905.81 0.59 
