752.38 494.61 1492.44 0.52 
923.47 266.10 1753.84 0.36 
799.59 577.55 1263.47 0.47 
381.02 685.71 1860.18 0.46 
715.40 957.57 2309.42 0.36 
668.44 997.37 1794.17 0.54 
518.32 647.46 1306.83 0.44 
978.13 922.92 1122.63 0.42 
578.67 406.14 2231.79 0.45 
926.92 824.14 1588.57 0.38 
305.81 310.98 914.10 0.49 
65.40 123.60 1407.14 0.23 
740.56 652.40 965.95 0.40 
526.91 822.07 1403.46 0.39 
692.46 734.18 2345.05 0.50 
470.14 539.98 1510.12 0.51 
468.88 110.05 2451.10 0.32 
466.15 243.89 1847.67 0.44 
952.54 995.86 1094.78 0.29 
77.00 942.79 979.86 0.51 
567.87 31.04 972.34 0.34 
973.72 63.44 823.82 0.41 
382.02 393.23 715.26 0.40 
652.03 179.33 1138.40 0.25 
391.42 117.26 1401.59 0.48 
184.55 90.40 2438.74 0.39 
702.66 659.72 1760.50 0.26 
260.93 576.68 1775.38 0.39 
412.38 561.19 1927.74 0.40 
728.61 202.04 1685.01 0.48 
183.66 971.56 960.39 0.56 
874.89 375.57 1150.36 0.41 
797.03 753.90 1339.91 0.33 
158.77 118.12 1680.27 0.55 
889.44 507.37 564.97 0.35 
82.72 88.35 1078.69 0.46 
79.39 739.65 926.94 0.40 
419.70 931.26 1770.79 0.51 
185.72 369.17 1300.97 0.43 
309.21 788.84 1173.21 0.38 
81.71 993.53 1404.33 0.38 
