632.58 57.90 1378.71 0.32 
53.12 832.27 1727.30 0.30 
685.14 951.82 1272.82 0.30 
496.37 904.73 1265.99 0.55 
535.39 507.24 670.89 0.34 
257.40 520.44 926.98 0.33 
888.77 576.46 1042.32 0.64 
374.24 555.64 2120.96 0.44 
451.07 644.55 1664.03 0.47 
309.71 137.30 1494.66 0.22 
223.37 862.23 1950.39 0.44 
35.12 877.40 2411.75 0.44 
242.80 307.44 887.77 0.34 
812.39 340.88 1561.83 0.52 
548.57 759.68 2322.09 0.38 
400.29 167.62 1171.24 0.34 
208.65 181.80 2173.36 0.35 
131.49 430.95 2052.55 0.51 
373.51 152.39 1646.69 0.39 
236.88 447.93 1300.44 0.21 
910.25 174.63 933.90 0.58 
319.68 51.47 2032.56 0.41 
420.41 305.10 563.96 0.56 
345.30 812.28 1644.93 0.43 
644.43 51.77 1420.15 0.45 
457.91 458.10 1532.58 0.33 
19.04 340.82 1932.47 0.47 
357.45 705.18 2167.11 0.44 
673.43 356.01 1421.07 0.36 
572.63 398.22 752.98 0.34 
446.39 725.86 937.43 0.36 
398.87 581.89 2038.76 0.47 
677.90 337.41 1594.49 0.20 
391.92 311.56 1213.33 0.64 
2.46 661.03 1573.40 0.43 
427.36 391.99 891.03 0.55 
151.93 999.43 1330.76 0.26 
466.64 127.63 1869.10 0.61 
696.02 352.31 2225.54 0.30 
276.58 723.02 1639.88 0.51 
620.31 392.79 554.10 0.27 
601.40 408.92 1602.39 0.43 
903.58 365.58 1633.81 0.38 
305.28 242.86 2509.02 0.45 
625.68 973.70 541.85 0.31 
115.79 969.59 1722.92 0.34 
260.35 658.04 1492.21 0.54 
80.82 287.39 1324.92 0.54 
406.94 183.81 1724.89 0.47 
187.17 384.75 1033.39 0.53 
343.43 422.55 1935.32 0.59 
710.65 54.32 1294.77 0.42 
70.01 406.36 1038.41 0.24 
414.64 998.43 1626.22 0.27 
415.95 581.62 1769.45 0.55 
275.78 884.48 740.26 0.57 
838.35 106.21 1361.32 0.22 
787.20 136.42 1392.43 0.33 
614.69 623.90 1650.28 0.44 
317.70 538.78 769.02 0.34 
662.79 271.22 2287.07 0.39 
439.69 235.57 2064.26 0.22 
484.49 489.01 1144.87 0.36 
483.45 211.84 1535.95 0.41 
69.15 238.01 1179.53 0.46 
936.42 511.81 1070.27 0.30 
689.42 375.36 919.75 0.36 
242.80 262.75 1235.41 0.28 
626.76 607.45 560.90 0.44 
334.97 606.91 2120.75 0.31 
63.72 670.76 1091.16 0.22 
