76.21 685.14 1151.53 0.36 
818.15 953.09 1486.98 0.38 
840.53 444.12 2688.12 0.40 
985.89 988.62 1377.06 0.23 
722.87 936.25 703.14 0.44 
176.04 671.34 1393.45 0.25 
808.23 564.98 1532.23 0.34 
81.25 998.75 1109.93 0.50 
330.82 355.35 1275.00 0.42 
258.19 544.14 905.95 0.38 
329.41 870.65 1343.04 0.40 
932.68 392.51 2382.26 0.52 
836.00 682.79 1867.71 0.35 
172.47 634.39 1388.29 0.44 
548.82 822.71 1180.24 0.51 
356.61 893.23 1412.74 0.40 
41.28 974.00 1064.88 0.42 
819.97 207.90 1706.88 0.33 
497.13 371.97 1497.62 0.47 
293.01 991.19 2423.02 0.46 
72.05 22.15 1458.06 0.32 
756.10 274.58 2511.45 0.34 
674.13 751.44 1771.06 0.44 
253.30 894.21 1532.04 0.40 
969.77 997.49 1670.78 0.50 
184.93 113.08 1514.76 0.43 
74.08 79.35 1170.45 0.45 
446.47 683.34 1571.29 0.37 
822.45 876.39 1197.27 0.49 
281.52 875.97 1428.72 0.36 
965.31 481.14 1453.11 0.42 
850.79 222.51 720.75 0.46 
633.36 43.46 1140.10 0.39 
721.04 877.28 2621.22 0.35 
115.85 951.54 1301.05 0.38 
885.82 703.81 957.21 0.30 
337.01 915.10 1369.69 0.41 
634.83 575.66 884.46 0.40 
442.94 847.27 1609.12 0.36 
883.83 449.40 1257.59 0.45 
985.66 555.73 540.01 0.48 
210.10 583.51 1348.44 0.35 
256.88 725.59 1012.65 0.27 
259.58 736.67 2326.25 0.30 
150.38 35.62 1475.57 0.48 
803.69 256.32 1783.11 0.35 
368.00 225.86 2050.09 0.29 
133.99 964.77 1053.80 0.37 
7.06 714.15 1398.74 0.26 
749.68 546.01 806.60 0.40 
330.71 828.53 2424.78 0.19 
180.01 438.86 729.54 0.34 
411.20 723.07 1078.27 0.53 
6.57 838.61 1057.38 0.33 
9.61 620.33 2052.04 0.19 
627.71 412.59 1341.51 0.61 
504.21 671.40 1698.77 0.55 
411.65 438.67 659.29 0.49 
469.89 644.26 576.77 0.69 
691.11 799.95 994.39 0.39 
39.65 996.95 1242.85 0.25 
588.67 211.49 2009.81 0.52 
918.09 19.66 714.66 0.40 
160.37 144.08 2645.59 0.47 
669.60 448.85 1502.85 0.54 
489.49 649.38 1232.95 0.41 
49.10 780.33 1920.97 0.34 
541.07 14.08 2038.71 0.54 
889.22 901.68 2352.07 0.58 
141.04 288.83 1193.35 0.36 
691.34 297.36 1435.29 0.58 
915.80 989.67 1349.32 0.56 
201.99 73.37 772.17 0.40 
416.22 973.47 916.87 0.27 
84.56 229.00 752.14 0.48 
653.83 789.53 1921.54 0.49 
338.49 747.79 703.99 0.44 
550.39 930.61 2738.82 0.36 
473.15 170.79 1727.49 0.46 
200.94 900.32 1085.81 0.48 
38.43 787.23 1112.92 0.42 
