928.72 953.34 2156.96 0.42 
262.50 775.06 2456.23 0.37 
572.09 31.30 1344.60 0.37 
177.03 937.65 1749.98 0.45 
691.37 790.83 560.29 0.45 
314.39 76.72 904.88 0.35 
188.91 760.71 1923.78 0.37 
520.53 872.11 3015.97 0.18 
619.28 973.03 655.35 0.40 
527.70 919.33 1723.94 0.25 
3.69 632.34 1288.36 0.34 
257.94 44.19 1577.60 0.40 
6.68 620.50 790.24 0.37 
231.66 508.44 2146.52 0.37 
97.49 968.39 1092.44 0.31 
879.50 168.18 1100.27 0.35 
851.05 459.13 897.10 0.24 
617.06 753.32 808.58 0.45 
660.04 254.97 1146.71 0.39 
132.62 460.05 1304.94 0.49 
333.41 765.07 2205.46 0.18 
969.50 338.11 1696.03 0.45 
682.91 0.51 1539.32 0.37 
625.22 186.84 1657.26 0.32 
656.40 955.08 1369.63 0.48 
705.32 104.20 1731.95 0.49 
606.80 369.43 1360.73 0.53 
285.07 543.11 1122.08 0.44 
203.62 796.28 1420.71 0.36 
370.94 882.15 1162.39 0.47 
447.26 606.64 3154.86 0.46 
994.71 600.45 1510.62 0.27 
457.03 331.02 844.55 0.27 
997.80 228.48 1090.03 0.45 
725.12 92.97 1894.34 0.40 
405.90 221.63 996.75 0.31 
489.28 391.11 1905.96 0.40 
592.95 746.57 819.73 0.50 
735.43 853.83 1702.90 0.34 
278.55 382.50 1244.41 0.35 
133.90 10.09 902.64 0.33 
89.03 800.49 1431.37 0.44 
303.49 480.43 671.21 0.32 
686.03 303.05 1469.17 0.48 
128.60 133.20 1397.22 0.33 
777.90 467.05 1065.81 0.50 
196.74 717.36 615.10 0.24 
82.23 153.15 1592.05 0.42 
625.77 771.62 794.42 0.53 
108.22 513.46 1447.24 0.28 
788.08 420.08 1246.60 0.29 
535.03 868.93 1897.03 0.55 
468.86 150.93 1212.65 0.27 
740.45 36.84 1581.98 0.56 
399.28 192.78 908.35 0.34 
397.02 792.67 910.84 0.48 
544.70 463.38 1244.38 0.33 
921.22 156.47 2362.55 0.33 
992.40 779.25 1023.77 0.26 
306.10 432.00 1355.56 0.48 
339.08 549.28 953.57 0.35 
564.49 811.10 1916.97 0.40 
522.53 198.81 1470.00 0.48 
687.06 623.44 1723.53 0.49 
546.63 204.85 1820.32 0.36 
908.46 280.67 1436.87 0.41 
317.04 694.31 2008.97 0.45 
859.72 780.91 1819.46 0.19 
215.73 842.49 840.73 0.46 
254.44 525.76 1401.49 0.36 
304.40 790.58 1484.46 0.41 
450.08 711.49 1382.85 0.44 
445.57 913.48 1490.26 0.51 
88.43 817.79 2428.25 0.27 
780.22 149.62 2591.48 0.33 
48.05 688.73 1621.57 0.37 
94.79 844.52 585.82 0.29 
835.76 419.12 1376.67 0.52 
668.06 452.74 1488.91 0.44 
958.48 88.25 1597.48 0.18 
309.43 236.12 988.09 0.23 
606.18 264.58 1639.21 0.46 
910.04 239.73 643.85 0.46 
452.04 910.61 1502.07 0.45 
933.51 724.42 750.06 0.22 
548.88 694.76 1859.38 0.33 
704.68 492.10 1174.47 0.46 
137.99 943.29 874.49 0.52 
25.90 217.56 2518.26 0.43 
856.41 296.07 976.47 0.55 
799.05 759.67 1271.87 0.35 
