599.13 654.83 3275.53 0.38 
546.63 1030.69 1361.84 0.42 
587.32 1050.23 6184.79 0.27 
558.57 753.49 1169.62 0.36 
618.69 876.95 6424.68 0.46 
613.03 854.92 6690.39 0.31 
804.32 591.69 3490.04 0.27 
607.54 795.46 4282.33 0.33 
605.18 642.18 3086.06 0.26 
814.33 715.53 5880.34 0.38 
643.28 875.61 971.45 0.25 
644.84 704.88 3532.29 0.22 
909.61 759.28 3574.51 0.50 
665.87 867.94 1826.51 0.40 
764.44 672.35 5750.97 0.52 
768.41 705.45 2510.07 0.38 
1084.96 546.32 3188.49 0.34 
967.64 768.75 2921.34 0.47 
768.94 550.25 1057.26 0.34 
832.90 701.06 3175.68 0.49 
577.66 575.06 6965.65 0.39 
774.65 795.88 5042.49 0.41 
671.05 608.86 3876.93 0.43 
576.06 550.78 7308.07 0.29 
586.64 817.42 1819.85 0.54 
726.08 880.64 585.68 0.44 
840.98 633.25 7520.39 0.30 
737.90 755.57 3274.65 0.16 
581.03 572.25 1292.67 0.32 
543.61 790.91 7478.96 0.43 
670.38 873.53 7496.32 0.35 
835.59 819.78 5646.27 0.39 
558.61 551.86 3951.00 0.43 
612.50 613.27 1815.72 0.44 
592.95 1098.49 4023.12 0.48 
558.17 710.38 3891.55 0.49 
657.55 725.98 1577.04 0.26 
747.83 608.94 5184.91 0.50 
610.84 693.96 3285.26 0.40 
855.40 639.64 5244.12 0.20 
749.38 1026.85 3326.72 0.54 
885.62 829.83 4559.15 0.40 
881.39 548.36 5367.75 0.21 
717.26 782.73 2405.59 0.46 
621.73 604.14 3778.39 0.45 
840.07 1019.30 2284.09 0.36 
624.86 704.64 933.01 0.35 
549.35 672.61 1828.14 0.51 
705.32 664.57 5774.87 0.52 
859.37 586.53 1155.50 0.34 
992.01 597.31 4160.99 0.50 
910.14 1021.65 4391.37 0.29 
618.17 708.32 1458.82 0.42 
1111.22 564.20 4694.83 0.50 
1172.39 1368.52 6895.48 0.37 
915.08 921.39 7149.86 0.48 
984.50 666.90 7673.91 0.42 
921.14 722.00 6698.07 0.43 
813.50 564.79 7827.51 0.30 
738.22 593.82 6160.43 0.31 
736.19 607.05 1972.41 0.37 
703.35 839.15 1518.43 0.20 
755.89 619.79 3480.17 0.42 
879.98 690.35 6660.69 0.37 
953.19 613.00 1993.59 0.40 
672.89 616.91 6248.71 0.40 
635.76 910.47 1998.25 0.47 
937.49 577.47 1564.66 0.37 
741.89 630.14 7356.77 0.31 
727.57 691.74 7676.00 0.38 
709.54 995.04 5210.68 0.24 
552.59 747.74 1084.83 0.54 
843.71 683.26 4127.82 0.30 
549.97 1032.29 3588.12 0.22 
1020.94 809.62 6404.41 0.39 
735.11 888.05 7845.41 0.29 
857.24 984.31 1568.51 0.30 
862.26 564.80 4519.12 0.49 
566.18 569.47 5183.94 0.35 
646.89 621.33 4516.73 0.44 
651.90 792.08 2084.55 0.21 
788.59 730.34 5429.29 0.40 
693.53 773.28 3352.57 0.42 
741.26 733.31 2737.00 0.38 
636.92 572.79 2489.80 0.45 
898.35 996.73 4924.15 0.50 
547.71 717.52 6458.49 0.29 
625.15 607.04 7814.24 0.33 
1199.99 643.43 6021.92 0.35 
659.39 615.56 686.47 0.37 
695.83 791.53 5621.82 0.44 
628.30 752.83 2598.71 0.49 
638.55 976.82 7737.71 0.45 
550.93 819.86 1265.37 0.34 
548.44 943.64 7136.89 0.41 
571.91 732.50 7444.00 0.25 
612.39 765.99 985.12 0.34 
631.90 752.71 3717.53 0.40 
573.74 716.17 2828.54 0.43 
667.19 944.41 5933.79 0.59 
588.30 758.49 873.51 0.26 
