622.55 739.22 4037.25 0.31 
672.35 581.76 3171.56 0.41 
712.91 811.97 1545.06 0.43 
800.15 790.81 6305.26 0.41 
833.99 775.44 2175.64 0.36 
792.86 608.72 2086.41 0.31 
611.82 795.68 2479.44 0.41 
981.65 912.14 744.39 0.35 
786.01 800.71 569.16 0.52 
708.06 723.30 4453.06 0.27 
549.51 638.16 1040.86 0.54 
975.14 1121.12 3263.75 0.50 
827.61 679.95 3637.21 0.35 
811.08 777.76 6832.57 0.39 
937.41 704.14 3741.46 0.28 
587.64 783.63 6017.06 0.37 
627.82 805.49 4717.17 0.49 
817.39 773.06 5232.99 0.30 
695.73 576.71 5721.66 0.47 
580.05 680.38 6109.31 0.42 
620.84 850.39 3025.09 0.38 
