584.91 739.10 4409.88 0.27 
910.81 1197.80 6502.02 0.48 
816.16 695.37 2559.51 0.28 
892.18 542.97 1060.11 0.26 
658.50 568.28 5491.21 0.37 
881.13 772.03 4649.08 0.21 
637.36 677.47 4297.29 0.48 
766.37 574.77 6007.92 0.38 
580.51 820.07 2336.40 0.16 
991.78 793.55 5801.10 0.45 
680.61 708.53 2079.58 0.40 
952.28 970.76 3266.56 0.37 
732.32 580.38 5690.15 0.43 
565.36 599.72 1056.47 0.33 
603.43 875.01 2096.99 0.25 
645.32 627.93 7822.34 0.49 
561.67 717.57 3526.60 0.23 
586.63 585.22 1466.07 0.40 
592.44 693.79 2493.69 0.30 
629.70 718.74 7998.31 0.40 
588.92 544.02 2234.84 0.40 
789.71 872.12 627.63 0.30 
683.94 877.06 6062.21 0.42 
739.30 951.94 2835.66 0.35 
721.45 981.43 7739.79 0.39 
709.80 677.76 1638.35 0.38 
750.64 549.49 4959.05 0.47 
604.45 616.04 7678.72 0.32 
643.01 699.68 582.90 0.35 
576.08 579.84 7957.34 0.45 
605.83 615.97 4188.72 0.48 
932.90 558.17 4610.76 0.36 
555.08 786.05 4307.60 0.45 
746.76 772.49 7499.95 0.50 
645.54 669.36 1615.34 0.46 
744.85 834.84 4420.38 0.37 
611.44 566.44 5061.34 0.59 
662.76 736.28 7647.18 0.42 
734.55 558.94 4027.66 0.44 
849.39 566.51 1692.50 0.50 
627.37 545.63 5418.26 0.38 
