588.62 795.28 6848.58 0.49 
568.71 584.96 6867.67 0.44 
550.41 916.09 5506.74 0.36 
577.50 1101.27 2372.49 0.40 
552.78 851.99 7276.24 0.52 
834.83 977.13 4383.00 0.31 
829.13 640.09 3126.41 0.39 
914.47 1021.21 5100.50 0.47 
736.71 556.09 7074.03 0.27 
772.57 659.73 5635.80 0.46 
777.05 764.99 3654.90 0.34 
810.56 563.98 4532.14 0.33 
585.47 690.52 1986.87 0.51 
745.80 548.69 7559.93 0.43 
675.04 565.12 1440.14 0.34 
935.17 586.21 3104.92 0.52 
895.39 784.59 2653.28 0.34 
732.91 556.78 776.83 0.33 
724.82 911.49 1765.72 0.27 
590.83 619.45 2810.12 0.50 
706.62 906.42 1543.91 0.57 
762.19 710.28 7582.43 0.34 
794.82 806.00 4545.20 0.16 
549.78 685.83 4580.65 0.27 
576.63 959.37 900.67 0.32 
874.27 653.43 6421.96 0.41 
1080.83 657.72 3828.79 0.38 
620.20 828.65 5908.94 0.54 
795.15 762.93 1269.98 0.47 
670.70 830.90 3296.45 0.27 
913.14 751.19 7057.30 0.52 
