857.86 662.64 3706.31 0.51 
632.25 780.81 1007.96 0.36 
761.74 584.99 4669.06 0.41 
602.55 692.59 4113.68 0.52 
555.77 681.68 5720.22 0.37 
907.78 546.69 3546.71 0.47 
797.76 672.14 5613.10 0.36 
766.93 1072.16 6785.20 0.41 
548.30 597.47 5566.12 0.54 
546.56 1191.64 6145.03 0.47 
1088.69 541.04 7085.93 0.53 
674.16 880.69 2477.92 0.34 
665.61 553.12 1586.05 0.41 
876.99 737.57 4587.03 0.38 
623.37 547.10 3659.27 0.30 
659.50 726.69 6418.65 0.45 
774.64 660.92 7544.33 0.30 
1120.05 661.89 7217.92 0.47 
698.80 840.60 2601.42 0.35 
587.52 704.97 5184.11 0.38 
709.41 833.92 3327.91 0.48 
551.04 694.17 6398.70 0.39 
817.58 571.98 1292.10 0.44 
690.48 712.10 6309.89 0.44 
697.18 644.58 7025.61 0.45 
893.66 624.68 4133.07 0.43 
734.05 643.42 4706.35 0.16 
572.80 687.58 7340.35 0.46 
722.50 747.82 6886.84 0.29 
698.82 657.81 4338.20 0.54 
758.80 583.21 5013.72 0.41 
779.88 627.48 3212.63 0.26 
551.50 776.45 783.38 0.58 
723.83 649.11 6891.42 0.42 
880.08 753.81 1627.59 0.35 
697.16 716.85 3685.83 0.61 
627.63 792.40 2156.52 0.40 
616.22 582.43 3885.64 0.46 
698.47 541.28 6553.58 0.38 
642.20 904.41 7734.87 0.29 
1496.96 677.36 2426.43 0.47 
704.15 558.51 2807.58 0.41 
668.64 615.38 4225.34 0.64 
552.10 604.89 1808.18 0.46 
808.77 582.12 810.48 0.43 
688.58 965.39 5575.29 0.30 
541.95 594.51 2261.97 0.50 
908.59 601.56 7737.79 0.40 
787.70 726.20 2662.95 0.33 
846.15 657.05 7153.60 0.29 
543.83 706.32 551.65 0.36 
684.45 551.61 3891.16 0.57 
771.33 695.74 3289.76 0.42 
720.23 617.96 2670.08 0.46 
758.85 723.12 2463.12 0.45 
756.33 719.29 7925.12 0.34 
1029.84 592.36 5409.01 0.46 
706.03 593.83 5977.38 0.30 
557.17 847.88 4648.44 0.23 
1080.98 831.82 3064.05 0.70 
1151.04 721.78 5340.18 0.34 
574.41 597.83 6412.78 0.36 
578.80 689.39 6668.78 0.36 
587.31 754.11 2396.71 0.42 
588.74 776.90 6073.40 0.41 
595.98 837.24 4550.93 0.33 
734.40 573.36 1107.96 0.50 
583.93 752.67 4989.21 0.43 
691.52 1204.26 4613.86 0.42 
842.84 639.34 3651.25 0.53 
1079.82 774.51 4477.84 0.40 
714.39 585.92 7365.25 0.48 
1123.22 609.69 4015.64 0.41 
586.99 592.93 1388.36 0.37 
827.72 1037.91 6544.29 0.35 
703.20 777.25 5128.88 0.47 
574.13 718.79 7014.45 0.48 
639.53 864.21 7140.49 0.37 
671.75 547.35 4172.78 0.30 
560.71 670.78 7079.92 0.49 
767.68 561.27 1299.46 0.45 
959.98 630.36 578.85 0.42 
906.47 702.01 1008.65 0.41 
752.14 584.90 3197.84 0.42 
640.86 1025.79 4490.38 0.42 
613.20 692.38 2609.04 0.48 
1063.36 596.68 3368.58 0.33 
553.63 618.58 3565.73 0.48 
715.43 589.87 1408.28 0.21 
664.61 554.40 5464.60 0.38 
710.62 1085.34 6447.12 0.37 
