880.46 755.28 7259.39 0.35 
925.45 1071.56 4321.91 0.42 
735.17 853.66 4506.48 0.45 
761.80 635.82 7411.11 0.51 
696.79 712.19 886.03 0.39 
696.73 660.04 5540.92 0.44 
816.34 767.71 4349.74 0.18 
560.08 711.78 4132.54 0.56 
601.88 644.58 3004.42 0.42 
753.24 735.21 6273.08 0.32 
735.77 650.51 7198.26 0.43 
581.78 653.58 7570.58 0.30 
1079.05 562.93 2022.52 0.33 
553.28 620.79 7197.21 0.37 
802.03 677.36 4817.95 0.40 
594.54 661.78 7462.29 0.44 
637.19 845.33 2097.90 0.37 
808.80 575.11 7188.58 0.37 
1002.87 755.48 7788.10 0.47 
858.23 567.01 887.88 0.51 
716.66 665.80 3840.11 0.41 
603.12 697.27 3906.71 0.38 
915.70 906.17 3671.57 0.53 
778.14 629.86 4923.81 0.45 
741.01 619.90 1632.31 0.19 
604.43 592.97 2101.17 0.28 
651.04 947.12 6496.67 0.51 
760.36 591.42 2864.68 0.46 
614.27 734.26 4454.06 0.49 
677.25 800.16 3561.56 0.26 
822.27 720.82 5595.47 0.39 
706.19 542.76 3836.09 0.25 
543.26 786.91 2091.40 0.45 
890.45 1000.63 6175.60 0.42 
704.83 729.95 2747.34 0.28 
977.09 756.41 5872.57 0.17 
776.19 819.60 5729.98 0.47 
883.31 613.89 6609.24 0.24 
702.97 778.82 3676.75 0.47 
755.03 781.94 626.41 0.32 
726.03 914.32 7842.25 0.32 
575.05 703.16 1042.04 0.39 
855.80 734.64 4310.02 0.33 
847.52 564.14 5446.14 0.36 
773.37 904.03 5240.79 0.50 
670.44 696.59 3721.93 0.32 
610.83 719.74 4946.74 0.31 
768.87 769.06 7656.40 0.37 
875.99 603.69 7096.49 0.30 
945.84 1130.07 4644.28 0.61 
795.57 570.37 1088.77 0.31 
633.05 711.39 7105.22 0.48 
672.77 688.79 4832.31 0.40 
617.43 737.79 5552.12 0.41 
625.38 744.59 6652.13 0.37 
917.25 765.12 2019.07 0.38 
944.59 769.82 4221.28 0.35 
548.10 791.82 2016.68 0.46 
620.87 929.37 1145.07 0.47 
744.74 796.27 3361.16 0.52 
659.80 1003.64 1440.99 0.39 
813.94 561.24 3310.46 0.26 
915.48 562.09 3129.71 0.32 
685.98 706.22 6964.48 0.35 
690.85 645.51 7565.67 0.54 
579.74 923.03 5928.43 0.46 
626.91 739.72 4613.81 0.32 
657.41 767.00 1947.37 0.36 
665.15 781.95 2271.75 0.54 
591.81 708.12 6947.54 0.48 
726.64 544.55 584.12 0.40 
606.27 689.03 3736.39 0.26 
689.06 1284.01 4653.27 0.59 
884.41 691.61 3459.28 0.33 
665.25 845.94 1913.94 0.44 
578.06 688.86 1679.13 0.34 
789.56 597.24 3869.23 0.52 
723.66 726.26 3725.68 0.31 
702.43 559.08 4013.05 0.55 
636.84 618.03 7567.73 0.35 
871.57 805.43 3216.69 0.47 
