670.50 875.16 4087.45 0.47 
729.64 853.49 811.08 0.60 
719.69 643.63 6640.47 0.34 
914.59 732.40 1206.32 0.39 
561.09 873.57 4773.61 0.35 
725.27 646.32 1660.20 0.37 
708.85 708.51 4410.67 0.58 
780.16 732.21 3869.42 0.27 
572.58 759.69 2691.42 0.43 
814.30 1205.37 1475.73 0.40 
725.31 541.80 3870.18 0.32 
586.32 549.63 4003.90 0.47 
880.31 784.96 6806.07 0.40 
586.89 829.97 5996.69 0.34 
686.16 664.92 1968.16 0.21 
959.01 697.90 6810.47 0.35 
549.26 608.32 921.61 0.36 
603.16 773.61 5958.93 0.23 
692.63 614.50 4908.18 0.34 
620.30 586.51 4582.25 0.42 
639.92 637.45 1055.55 0.42 
589.72 886.79 2114.09 0.39 
548.79 644.76 6848.22 0.54 
650.26 586.34 4663.31 0.28 
709.13 649.04 5502.61 0.26 
731.60 615.65 3611.18 0.40 
565.82 780.42 7049.07 0.39 
755.56 553.17 7113.84 0.37 
630.03 681.79 6535.22 0.36 
594.12 558.34 4133.30 0.53 
921.96 644.79 6440.62 0.40 
780.88 896.84 6925.28 0.14 
801.07 569.37 3621.08 0.51 
542.40 566.84 2578.96 0.51 
691.56 717.00 4748.82 0.44 
1121.35 895.76 5678.99 0.48 
1097.82 570.88 6156.77 0.57 
786.14 810.43 6545.77 0.35 
934.33 558.60 7414.61 0.41 
1007.15 709.83 1492.83 0.56 
550.71 583.23 3320.08 0.50 
596.43 851.09 2952.54 0.54 
607.77 909.60 7220.73 0.45 
1032.35 548.77 6331.33 0.26 
693.06 659.75 3694.08 0.36 
658.19 691.36 3845.46 0.48 
546.25 542.54 7862.17 0.38 
1063.93 753.22 2947.40 0.59 
567.41 598.15 7990.43 0.46 
685.21 787.24 6793.52 0.50 
658.43 552.93 2811.93 0.25 
640.72 561.41 4135.97 0.45 
655.85 585.62 2561.27 0.34 
815.80 788.07 3169.16 0.38 
946.16 702.31 2084.57 0.41 
569.94 735.52 7513.43 0.34 
585.99 857.58 3434.93 0.37 
630.30 700.13 2010.92 0.31 
737.46 787.40 3187.49 0.55 
623.98 544.23 7410.54 0.47 
658.57 620.76 4463.25 0.40 
623.53 729.41 1416.84 0.44 
632.93 564.22 6511.90 0.53 
548.49 689.58 3801.12 0.48 
571.96 672.55 546.11 0.45 
600.02 778.80 659.70 0.34 
547.57 543.12 3813.91 0.42 
713.40 553.92 1844.01 0.42 
620.13 803.72 1022.06 0.48 
1038.31 708.87 4628.02 0.25 
875.82 638.28 7589.83 0.41 
733.48 1049.38 3811.44 0.36 
741.55 841.25 6923.19 0.49 
572.57 812.94 5220.49 0.42 
653.97 716.37 4959.06 0.49 
911.11 621.97 2673.59 0.55 
592.35 641.93 7947.11 0.46 
729.23 917.63 5135.78 0.47 
563.01 706.39 2893.24 0.31 
578.95 563.84 866.04 0.41 
669.74 687.80 4038.94 0.29 
632.16 560.93 2084.34 0.49 
542.28 939.83 570.57 0.56 
639.25 555.11 1804.54 0.32 
789.41 654.59 6682.63 0.57 
863.29 557.92 5464.53 0.36 
663.48 808.38 2731.02 0.35 
843.41 1009.05 1709.65 0.54 
670.60 658.34 972.16 0.45 
647.72 685.88 1271.37 0.37 
619.68 644.67 919.43 0.46 
706.42 810.13 6543.21 0.43 
616.40 670.79 3490.41 0.28 
683.43 859.28 762.97 0.37 
699.57 780.21 3111.57 0.28 
691.00 912.38 5877.42 0.39 
712.08 1314.53 6326.58 0.45 
803.48 678.80 1537.14 0.37 
592.54 1049.23 7560.99 0.58 
728.55 909.53 2938.21 0.31 
579.26 857.40 7491.12 0.32 
716.29 817.31 5008.56 0.33 
546.64 579.80 2483.46 0.47 
647.52 767.25 1244.93 0.43 
714.61 628.92 541.63 0.23 
912.36 574.45 605.56 0.31 
725.16 859.52 2770.14 0.33 
993.94 681.86 6829.87 0.51 
621.64 584.21 7072.40 0.49 
1074.78 569.66 6664.80 0.20 
666.23 587.61 2250.63 0.61 
824.39 543.36 1783.43 0.41 
569.00 633.91 7586.14 0.50 
834.26 937.39 552.08 0.41 
544.62 864.32 2552.68 0.35 
682.98 752.03 2033.04 0.36 
759.93 656.37 3556.91 0.51 
597.53 832.41 2437.67 0.37 
810.95 721.99 7526.70 0.38 
776.96 734.64 6207.70 0.53 
786.34 645.32 1350.29 0.46 
670.81 563.01 4986.21 0.31 
570.45 568.96 7859.89 0.52 
790.53 909.91 7083.34 0.21 
598.38 744.43 6228.54 0.31 
793.93 616.84 6002.50 0.47 
861.15 572.44 1697.72 0.34 
744.80 939.35 4249.44 0.32 
660.83 557.59 3096.86 0.36 
848.58 561.81 6546.95 0.36 
694.26 552.86 3818.12 0.49 
711.04 573.60 6561.91 0.43 
771.61 904.17 6579.95 0.31 
643.63 673.09 5037.76 0.36 
1144.52 549.87 4507.93 0.49 
719.63 870.17 2493.43 0.53 
746.02 1195.85 4577.20 0.47 
749.52 805.91 2390.06 0.44 
806.49 749.25 1990.48 0.52 
703.35 554.33 7078.72 0.54 
645.55 669.49 3729.78 0.51 
919.85 568.96 5886.85 0.40 
543.48 576.68 4467.84 0.39 
573.02 726.52 6279.24 0.32 
609.54 613.52 2302.85 0.43 
991.12 871.93 2611.13 0.34 
700.87 701.91 3192.55 0.54 
783.72 569.26 2419.59 0.41 
583.15 955.82 5622.52 0.51 
839.82 716.35 1174.48 0.46 
773.45 553.01 5849.24 0.24 
