770.25 1054.75 1154.23 0.53 
561.89 822.87 4261.28 0.35 
577.21 542.11 6405.85 0.48 
572.85 689.21 4036.00 0.43 
760.80 1001.87 5208.03 0.45 
651.03 743.68 5407.59 0.38 
813.88 574.79 2180.11 0.33 
838.64 659.73 4909.55 0.37 
575.81 707.64 1370.51 0.42 
748.87 681.25 1381.20 0.42 
691.49 585.40 1387.06 0.40 
638.85 642.32 2096.01 0.46 
1056.08 774.31 7923.17 0.46 
745.49 680.25 7751.24 0.18 
576.57 563.14 7825.96 0.34 
596.70 628.08 1458.04 0.32 
638.79 762.27 3971.67 0.44 
780.75 775.79 684.18 0.56 
583.11 744.32 1969.75 0.32 
788.23 663.90 1360.73 0.47 
820.33 713.51 2664.80 0.40 
570.04 607.47 3577.89 0.21 
625.72 621.32 4195.75 0.58 
550.49 657.16 3238.26 0.31 
628.90 866.89 1094.69 0.56 
641.42 714.24 7454.99 0.56 
736.52 738.82 6639.83 0.39 
766.39 579.23 1164.72 0.34 
619.69 820.88 7883.81 0.33 
705.52 773.68 1597.34 0.38 
793.89 580.39 5062.52 0.45 
826.47 648.33 2283.77 0.54 
831.72 781.29 3951.86 0.21 
704.94 1264.47 5817.68 0.28 
605.69 752.72 6927.90 0.35 
731.77 615.29 4684.36 0.29 
545.27 558.25 7817.52 0.49 
554.33 932.17 5358.52 0.49 
1013.08 775.13 7853.96 0.36 
770.54 929.56 5631.29 0.30 
712.95 614.32 6468.81 0.29 
593.05 910.48 4164.21 0.36 
1010.65 590.35 956.60 0.30 
709.47 823.68 1313.00 0.32 
628.64 903.70 2609.07 0.42 
555.73 580.45 2707.29 0.46 
545.28 562.80 7938.42 0.30 
575.74 623.90 2132.28 0.27 
1343.81 556.97 6175.19 0.34 
686.24 688.55 4987.08 0.26 
768.04 636.81 1508.18 0.42 
881.02 761.75 4259.83 0.56 
924.05 657.52 6649.87 0.65 
875.27 1031.83 1995.33 0.51 
655.29 1070.20 7737.28 0.30 
615.56 897.66 1695.72 0.48 
781.37 790.44 4629.94 0.33 
596.15 882.02 4401.38 0.45 
640.21 633.20 7985.41 0.48 
1049.56 702.16 1078.86 0.40 
547.92 689.89 4149.51 0.52 
574.01 693.77 1187.80 0.56 
715.44 557.34 2159.09 0.26 
548.51 544.70 1871.15 0.33 
738.26 666.60 1048.21 0.36 
596.46 966.91 1686.15 0.30 
545.16 631.66 3024.19 0.50 
865.51 684.66 4939.37 0.38 
560.29 677.17 7082.61 0.45 
556.96 809.47 1682.20 0.39 
574.59 652.63 5776.27 0.42 
853.77 801.39 7105.53 0.20 
583.62 630.28 2121.79 0.42 
685.57 833.67 1040.17 0.47 
868.90 743.24 6540.86 0.51 
844.08 910.39 934.02 0.46 
727.01 741.56 4447.06 0.41 
561.38 605.28 1476.11 0.49 
796.51 563.92 2530.21 0.41 
623.14 576.77 4072.97 0.47 
612.41 741.54 5750.00 0.38 
755.60 540.79 4532.33 0.19 
905.31 606.91 5522.57 0.41 
920.71 637.68 1346.07 0.30 
716.79 607.89 3933.12 0.32 
727.59 649.58 1166.43 0.16 
738.64 840.05 6475.22 0.36 
728.27 700.15 7221.08 0.43 
818.62 595.84 7783.09 0.21 
751.09 613.20 4551.57 0.39 
790.59 812.17 4953.88 0.54 
958.02 708.57 7902.03 0.44 
634.58 633.18 3427.75 0.28 
661.17 631.08 5907.55 0.44 
611.17 671.43 6177.23 0.34 
563.25 657.71 7062.67 0.42 
880.46 843.94 684.93 0.41 
683.34 603.51 846.48 0.59 
727.61 605.10 6997.75 0.34 
790.90 656.62 1681.01 0.58 
609.34 669.36 7663.76 0.44 
688.24 600.19 861.16 0.33 
928.78 644.65 7387.92 0.33 
549.35 705.02 6226.83 0.45 
666.34 671.21 2027.18 0.52 
938.89 713.71 1969.66 0.49 
641.10 556.11 3434.13 0.47 
716.53 867.12 1157.11 0.64 
857.86 558.71 5768.16 0.53 
676.93 836.51 6355.20 0.27 
653.02 588.18 2559.88 0.35 
894.75 626.59 1908.03 0.34 
635.83 739.21 3391.66 0.46 
782.11 693.31 2646.98 0.39 
863.31 556.54 1084.44 0.46 
886.15 660.11 6916.24 0.53 
711.31 821.74 6369.08 0.34 
951.57 719.02 7514.63 0.46 
546.99 717.92 3493.60 0.40 
641.37 642.72 6477.20 0.44 
675.82 697.39 683.00 0.33 
629.29 831.77 5056.65 0.39 
643.65 554.13 4834.97 0.47 
550.25 636.22 4073.63 0.33 
714.43 644.11 4985.88 0.30 
681.83 630.26 2591.41 0.44 
858.83 613.64 6711.94 0.19 
584.53 702.91 5923.50 0.33 
752.60 659.49 7618.55 0.44 
570.42 700.17 4668.36 0.21 
961.62 585.65 4097.61 0.37 
662.32 634.25 1323.37 0.49 
549.37 771.83 6471.79 0.29 
656.25 703.68 5786.51 0.59 
648.84 669.39 1742.84 0.41 
595.33 1013.00 3840.72 0.41 
797.26 618.07 787.36 0.48 
806.69 735.02 4897.49 0.39 
1183.55 771.84 2950.95 0.50 
782.21 685.78 5356.35 0.36 
752.65 980.66 3343.59 0.39 
798.67 720.45 6341.31 0.57 
718.06 879.11 7535.89 0.28 
954.68 679.71 2137.09 0.41 
661.74 940.23 7635.36 0.41 
741.48 602.22 7334.37 0.56 
603.70 622.68 1790.04 0.26 
909.71 778.35 2827.87 0.38 
566.06 641.23 6657.69 0.45 
649.39 875.29 6901.12 0.46 
1114.03 925.91 4743.58 0.48 
603.58 741.35 2772.30 0.56 
627.24 650.73 6018.55 0.51 
574.55 1259.45 773.92 0.42 
622.04 747.89 4297.96 0.42 
863.51 639.32 1541.31 0.43 
589.24 720.69 4157.17 0.55 
567.88 692.77 4918.30 0.39 
549.61 558.58 6462.77 0.43 
587.92 738.31 4790.58 0.52 
657.37 800.96 7071.27 0.46 
598.99 587.18 3975.45 0.48 
589.49 578.33 6057.48 0.43 
688.73 590.08 5339.10 0.41 
714.79 707.64 5759.25 0.42 
796.72 649.65 6527.62 0.30 
649.73 657.04 4617.28 0.52 
563.12 1021.53 2623.74 0.18 
896.82 773.90 1221.34 0.48 
755.19 597.14 2607.94 0.33 
903.78 549.38 5045.90 0.35 
626.67 790.89 7937.47 0.51 
815.01 612.89 2617.47 0.46 
764.23 731.13 7531.42 0.24 
995.79 616.90 1007.10 0.49 
946.48 894.20 962.83 0.28 
908.72 1137.37 1089.26 0.60 
771.31 591.07 3160.73 0.38 
575.02 602.38 1521.41 0.33 
758.54 752.51 3286.06 0.27 
636.23 663.83 3558.22 0.30 
624.43 679.89 4817.13 0.49 
1016.52 675.28 5675.09 0.61 
616.89 585.76 3682.46 0.34 
663.49 566.26 6573.18 0.49 
712.08 615.36 3244.76 0.45 
599.22 748.98 1433.99 0.39 
608.53 571.22 4439.04 0.41 
696.07 669.49 1236.01 0.39 
905.47 650.55 6414.74 0.21 
948.93 818.80 6466.80 0.45 
713.24 545.48 3306.39 0.34 
671.94 882.28 2766.78 0.49 
747.06 776.87 7814.44 0.35 
576.63 683.44 2059.30 0.48 
554.09 696.50 5108.77 0.30 
650.83 551.90 5696.88 0.31 
883.89 548.76 2806.84 0.15 
757.74 547.78 5044.08 0.47 
903.30 694.75 6828.42 0.43 
1237.47 719.07 6241.86 0.38 
