587.16 590.27 2096.39 0.39 
729.50 787.63 6897.77 0.29 
801.87 605.05 3030.72 0.42 
751.11 585.99 7087.07 0.41 
656.47 579.05 2710.25 0.31 
880.45 665.21 1278.35 0.35 
604.74 896.90 5221.14 0.45 
759.67 1057.92 1254.47 0.59 
603.10 1054.93 601.51 0.44 
704.44 851.78 3789.52 0.27 
581.90 687.56 1417.36 0.28 
1203.42 691.46 4007.34 0.45 
727.92 627.49 4150.94 0.41 
824.23 952.60 4091.27 0.25 
703.03 583.98 4786.28 0.37 
814.11 799.53 6840.37 0.41 
607.69 1179.41 7149.75 0.40 
547.77 1022.37 2584.78 0.45 
562.32 817.16 5954.63 0.56 
606.66 662.39 7896.51 0.30 
605.42 647.09 5576.82 0.37 
774.57 551.92 5973.04 0.41 
840.87 701.26 6719.48 0.46 
981.28 710.89 1724.39 0.47 
572.24 569.97 7963.11 0.57 
551.61 806.46 1242.42 0.51 
685.92 722.44 2503.65 0.21 
646.05 605.23 4148.48 0.51 
675.63 706.67 5778.14 0.34 
862.28 579.55 6596.22 0.33 
569.93 624.34 3798.37 0.33 
865.86 607.74 784.90 0.52 
594.61 758.02 5347.23 0.41 
863.43 699.50 4519.95 0.35 
602.68 579.54 4510.12 0.43 
597.41 921.60 576.88 0.40 
674.38 857.11 968.25 0.49 
996.11 982.70 2917.07 0.37 
645.69 569.96 698.14 0.40 
606.11 882.60 3926.39 0.50 
602.23 881.76 3281.70 0.36 
1009.91 641.53 3924.26 0.32 
671.94 646.04 5575.31 0.40 
616.18 602.91 1360.65 0.37 
654.05 1039.88 2518.95 0.33 
566.02 560.99 2395.10 0.30 
654.71 809.02 3126.00 0.20 
700.65 766.72 6575.89 0.58 
698.69 607.56 5350.13 0.22 
701.18 974.92 4012.87 0.49 
1305.29 687.87 7871.36 0.29 
1050.52 578.92 7444.45 0.23 
718.97 637.06 7195.32 0.40 
559.93 741.66 6054.37 0.51 
681.05 818.66 1745.41 0.43 
785.63 746.59 7915.99 0.22 
728.03 577.51 910.50 0.39 
617.14 735.27 4039.35 0.56 
810.01 622.01 7652.96 0.58 
615.36 839.84 3208.66 0.45 
577.06 862.24 4893.17 0.48 
771.86 562.44 1862.90 0.40 
890.47 621.28 924.46 0.31 
795.16 696.01 3711.96 0.47 
600.46 634.66 6791.75 0.27 
694.73 611.29 2461.98 0.27 
915.55 704.19 7482.33 0.53 
810.34 592.33 2989.33 0.23 
1057.02 728.90 6307.33 0.24 
845.20 910.15 3311.37 0.64 
548.10 788.73 2467.92 0.47 
