766.13 549.75 7279.40 0.42 
581.65 557.49 5854.20 0.26 
562.70 620.48 4614.50 0.47 
675.28 617.73 6927.11 0.35 
558.50 584.13 7021.61 0.56 
676.50 642.62 6366.31 0.40 
731.53 550.58 4183.72 0.45 
617.50 548.00 1100.47 0.54 
669.43 572.78 5675.30 0.40 
549.87 568.11 1613.21 0.34 
563.05 615.91 4205.17 0.32 
692.25 743.15 2349.75 0.38 
759.46 649.53 3763.31 0.32 
647.58 674.35 5454.74 0.56 
615.42 567.81 7773.67 0.60 
558.93 656.98 7795.43 0.64 
563.69 711.42 2303.60 0.48 
697.47 571.86 2881.51 0.41 
594.41 553.16 1948.00 0.42 
604.65 639.82 7341.01 0.34 
618.68 601.98 2845.18 0.42 
