745.54 666.89 2819.09 0.34 
575.84 582.31 1586.32 0.42 
620.07 744.52 890.95 0.42 
613.11 615.63 624.73 0.37 
669.82 563.08 2288.80 0.41 
711.56 805.56 6178.63 0.46 
602.92 713.72 854.80 0.33 
667.98 559.27 5228.21 0.45 
680.10 666.20 1866.64 0.49 
661.86 637.87 2691.30 0.51 
665.81 565.25 1322.00 0.50 
586.14 551.86 6653.64 0.44 
674.56 665.09 4067.71 0.40 
638.74 664.97 1305.89 0.44 
599.84 628.10 1340.22 0.44 
647.84 593.52 2391.41 0.30 
704.35 692.39 6439.27 0.46 
556.34 668.90 7740.00 0.25 
561.05 594.57 6992.36 0.47 
648.12 549.85 7200.40 0.51 
613.98 599.24 1553.34 0.24 
590.12 546.43 6620.32 0.45 
549.32 574.52 2624.59 0.45 
654.13 771.44 794.97 0.38 
542.57 613.80 4710.05 0.39 
633.75 603.34 7370.45 0.35 
594.05 612.31 1936.62 0.23 
592.41 561.98 1301.67 0.43 
566.27 662.35 5395.61 0.46 
629.45 603.68 2107.07 0.29 
681.28 596.77 1765.73 0.38 
759.53 627.50 7925.32 0.45 
704.34 645.96 5037.00 0.41 
667.06 644.80 1949.29 0.33 
649.62 819.72 4942.32 0.47 
569.54 588.04 3376.28 0.29 
586.89 705.56 2434.38 0.34 
616.90 646.86 2123.69 0.23 
586.53 629.46 5991.48 0.23 
625.39 597.07 2138.02 0.44 
615.15 575.74 1131.68 0.26 
