608.32 722.03 6188.26 0.42 
778.44 695.93 1041.64 0.49 
666.13 582.66 2200.04 0.29 
696.12 574.74 5954.40 0.45 
669.47 705.59 4073.85 0.49 
642.41 568.08 5996.79 0.40 
554.93 649.59 1429.78 0.44 
582.52 599.10 681.84 0.52 
591.56 738.02 1300.40 0.47 
670.95 571.32 7494.13 0.46 
677.04 553.48 6129.91 0.54 
661.07 650.52 5184.46 0.50 
712.22 718.69 7772.50 0.47 
800.20 630.20 7917.25 0.41 
584.74 571.70 6489.86 0.47 
707.67 766.85 5842.57 0.38 
575.92 622.93 7016.32 0.27 
608.64 628.68 7643.86 0.46 
553.89 738.18 2694.79 0.37 
675.11 671.78 7447.22 0.26 
572.96 566.44 6119.59 0.55 
567.01 562.41 4487.25 0.28 
609.62 578.45 621.50 0.35 
565.93 627.66 2033.08 0.43 
599.15 638.70 4858.49 0.45 
643.61 721.52 3981.27 0.48 
667.67 563.91 5060.82 0.50 
544.38 574.51 7910.31 0.20 
681.03 626.46 7596.22 0.36 
580.54 561.99 4914.32 0.33 
647.73 546.39 5996.55 0.26 
626.77 583.99 588.37 0.38 
547.03 579.70 3068.41 0.38 
567.07 624.60 6789.88 0.40 
665.47 592.05 1764.05 0.35 
644.87 574.91 6612.01 0.48 
727.66 771.62 7271.63 0.37 
602.02 569.54 1477.38 0.27 
581.59 623.51 1305.58 0.50 
562.70 560.15 7581.25 0.41 
546.87 585.67 5123.15 0.43 
591.80 611.74 3379.95 0.54 
576.47 597.42 2094.09 0.44 
609.46 593.32 6925.39 0.09 
627.28 560.00 4142.29 0.34 
623.30 723.05 843.88 0.24 
637.20 642.19 1412.15 0.45 
556.60 596.88 5504.43 0.40 
583.14 718.54 3256.74 0.39 
602.89 557.25 7348.19 0.51 
633.83 697.99 2428.87 0.35 
596.36 677.33 4040.33 0.15 
585.08 655.18 3800.97 0.43 
631.48 561.96 5402.06 0.18 
569.50 629.16 6393.61 0.52 
704.87 589.21 1275.26 0.25 
594.40 557.00 2027.84 0.45 
642.58 733.64 1043.15 0.30 
574.90 656.04 3982.87 0.39 
817.77 603.35 2774.37 0.31 
591.26 601.31 1219.64 0.36 
593.89 600.68 1170.32 0.17 
572.47 564.42 7313.80 0.65 
578.69 543.43 5496.47 0.32 
556.01 668.20 4240.08 0.42 
682.68 633.15 4040.38 0.27 
638.72 572.40 5416.75 0.27 
562.01 566.52 1447.79 0.36 
593.41 544.93 7434.99 0.46 
621.32 744.98 3250.78 0.41 
754.08 659.98 6677.59 0.30 
737.67 543.84 3730.87 0.35 
681.26 540.35 5286.19 0.43 
598.64 627.97 2477.22 0.41 
690.87 548.21 7520.58 0.29 
608.97 558.38 7243.85 0.42 
579.62 725.84 6750.33 0.30 
578.15 551.04 2778.75 0.62 
655.09 680.13 5922.34 0.40 
679.76 556.71 4793.50 0.34 
579.83 653.45 6552.46 0.63 
654.20 598.32 5621.31 0.28 
788.47 540.10 1908.57 0.46 
623.04 578.11 1139.80 0.54 
577.71 544.03 1492.89 0.44 
579.90 615.94 4345.28 0.36 
586.74 545.36 3686.43 0.42 
582.68 540.57 6749.19 0.23 
577.92 545.19 704.78 0.19 
573.92 579.18 5552.60 0.54 
557.87 548.28 7047.63 0.33 
559.65 771.02 3619.33 0.33 
726.49 610.70 4830.18 0.35 
644.64 572.00 1574.60 0.29 
542.32 636.55 5699.83 0.27 
560.42 573.78 6648.86 0.52 
551.38 603.96 2902.49 0.28 
679.99 724.87 5623.02 0.37 
577.32 543.03 7927.49 0.52 
660.05 545.38 6322.30 0.33 
651.89 695.51 674.27 0.43 
642.21 597.77 1503.51 0.49 
601.62 700.26 4246.90 0.40 
640.46 569.40 2862.76 0.43 
585.54 687.28 2431.58 0.36 
701.75 569.16 1743.50 0.29 
571.71 588.23 704.97 0.41 
541.63 583.33 6632.26 0.59 
562.78 655.22 3467.83 0.29 
601.54 626.25 1394.52 0.37 
568.68 617.23 6376.44 0.43 
590.20 625.36 7873.80 0.47 
627.91 692.49 2053.39 0.36 
619.66 604.85 3832.58 0.46 
554.18 651.07 2359.80 0.58 
633.05 700.40 3607.62 0.33 
791.54 666.78 1890.88 0.46 
578.26 594.26 2519.92 0.36 
716.81 697.65 5399.02 0.39 
542.01 590.36 1739.23 0.32 
604.21 609.33 910.15 0.49 
706.79 607.99 7586.30 0.32 
717.22 597.31 6624.76 0.43 
733.09 549.98 2027.13 0.33 
565.74 739.26 5071.81 0.40 
572.36 629.08 5578.53 0.25 
584.80 583.04 956.83 0.35 
600.23 566.90 4473.79 0.45 
563.80 589.26 2493.83 0.53 
560.41 543.84 7633.60 0.37 
541.54 687.13 3597.70 0.36 
652.20 599.95 6045.35 0.29 
551.27 643.22 1451.72 0.30 
556.18 571.18 1412.13 0.45 
559.28 566.63 3235.92 0.36 
588.11 555.13 7332.63 0.19 
589.36 642.32 4229.45 0.20 
775.73 757.78 3266.83 0.46 
615.15 551.09 3267.82 0.54 
631.18 614.28 738.75 0.40 
547.84 668.72 7855.90 0.49 
701.51 543.81 2393.63 0.41 
552.03 581.71 3516.03 0.39 
712.49 867.45 4657.19 0.51 
747.63 565.14 1689.32 0.34 
569.23 575.28 2021.76 0.40 
631.64 591.49 5054.10 0.55 
553.73 549.43 3748.36 0.47 
642.88 775.14 7731.13 0.45 
604.10 641.43 5063.81 0.38 
775.96 577.58 7018.14 0.52 
647.81 572.36 4272.14 0.43 
585.36 563.59 5019.44 0.30 
780.25 628.91 5866.50 0.40 
701.47 557.63 6518.15 0.59 
549.78 565.33 2529.43 0.36 
565.15 673.79 4592.74 0.43 
711.22 638.60 7718.62 0.52 
580.38 649.32 2074.64 0.43 
738.78 562.80 726.71 0.36 
612.39 638.38 7344.43 0.42 
593.02 674.40 3923.99 0.51 
677.82 550.11 4539.30 0.50 
639.88 579.40 4883.90 0.57 
590.85 545.69 830.28 0.47 
621.58 574.14 7094.04 0.32 
548.08 645.71 2612.41 0.51 
602.87 727.07 1978.53 0.34 
575.07 568.47 3442.34 0.26 
630.12 594.68 4977.18 0.55 
932.81 591.26 3784.35 0.29 
563.27 609.60 7096.44 0.40 
731.00 564.80 4825.52 0.45 
588.42 684.43 4600.34 0.47 
621.64 563.64 4403.65 0.41 
653.40 637.01 563.28 0.48 
601.19 815.91 2185.63 0.51 
789.30 542.51 3131.65 0.27 
615.69 594.05 4409.66 0.41 
544.80 665.03 6639.69 0.32 
589.14 551.70 7081.74 0.28 
550.16 554.96 2202.87 0.26 
579.11 549.08 3264.84 0.54 
736.68 799.43 5958.14 0.50 
592.98 546.07 7949.62 0.37 
568.69 641.94 3134.98 0.41 
642.77 743.64 2478.05 0.40 
556.33 593.30 1779.38 0.39 
573.23 807.26 2207.99 0.45 
666.96 645.90 7211.13 0.25 
659.72 599.16 1448.57 0.41 
630.09 640.48 3072.60 0.45 
570.37 748.63 7734.87 0.19 
821.31 657.72 2457.35 0.30 
592.99 576.98 1138.23 0.26 
578.37 664.30 4335.16 0.42 
600.94 543.22 1187.31 0.24 
585.28 572.88 7423.27 0.46 
681.38 588.68 4938.60 0.41 
716.07 684.45 2064.42 0.54 
556.60 623.00 2614.64 0.29 
