608.21 690.50 7591.40 0.38 
773.52 692.72 3534.82 0.37 
598.17 751.28 4304.60 0.35 
791.86 617.26 4546.42 0.36 
673.20 544.19 5848.39 0.41 
570.43 583.63 4242.89 0.49 
555.03 574.94 5851.30 0.50 
597.65 613.18 1423.24 0.37 
557.25 686.04 1993.63 0.30 
605.55 644.47 5522.85 0.43 
649.98 590.70 1765.15 0.32 
606.49 541.12 6195.17 0.33 
628.05 584.44 5833.98 0.31 
643.53 631.10 5093.18 0.40 
565.05 625.51 1654.10 0.42 
555.32 638.80 7267.07 0.39 
664.74 627.73 2360.32 0.46 
600.50 540.10 4394.94 0.45 
702.60 567.99 1046.99 0.56 
636.44 613.62 1072.02 0.35 
573.42 611.01 6274.99 0.42 
753.88 602.75 6524.50 0.46 
653.74 775.55 7014.12 0.34 
615.16 546.65 7800.01 0.47 
614.05 651.28 919.54 0.42 
659.52 642.29 2007.83 0.53 
600.29 684.49 7967.23 0.38 
731.25 565.61 2886.53 0.22 
549.87 612.40 5687.83 0.48 
548.52 573.07 6020.42 0.47 
616.29 546.50 6058.35 0.34 
