571.08 546.28 4654.80 0.35 
608.88 592.48 4821.55 0.50 
544.69 651.67 2713.57 0.37 
672.36 628.61 3511.66 0.33 
599.21 546.30 5640.11 0.21 
546.87 607.87 1269.97 0.47 
599.77 651.42 1621.75 0.50 
613.01 748.31 4439.57 0.24 
578.69 582.52 7366.21 0.37 
563.92 598.19 5077.38 0.44 
661.54 653.34 803.49 0.30 
605.88 542.56 3978.82 0.50 
544.31 666.03 4442.33 0.33 
708.05 619.96 4399.48 0.41 
586.35 713.24 4788.33 0.40 
559.79 589.83 4980.54 0.42 
601.18 589.17 808.71 0.48 
603.91 559.96 6823.18 0.36 
684.76 581.53 5794.15 0.44 
707.14 591.46 2713.06 0.34 
541.87 685.40 4952.01 0.38 
753.68 557.74 3648.98 0.46 
585.63 559.70 7635.05 0.38 
666.85 699.53 1627.48 0.44 
624.81 777.08 1917.04 0.07 
540.43 675.28 6702.84 0.50 
607.40 607.24 7728.61 0.45 
646.42 542.21 6082.52 0.20 
630.68 606.68 1836.83 0.46 
607.20 565.51 5583.14 0.48 
628.34 658.53 3577.09 0.36 
570.55 603.35 3599.74 0.45 
544.50 563.65 2940.47 0.68 
742.00 691.11 7828.03 0.30 
556.44 572.33 2361.63 0.30 
754.63 701.34 1160.64 0.49 
619.04 594.34 4035.35 0.57 
654.20 599.81 6134.96 0.43 
542.21 543.99 2184.28 0.38 
768.40 549.52 5553.66 0.37 
574.16 564.22 5439.31 0.36 
576.93 565.05 3835.49 0.29 
581.80 576.30 3398.70 0.40 
579.44 609.20 2410.86 0.35 
685.46 566.50 1716.60 0.56 
641.31 735.17 3325.74 0.28 
612.39 582.00 7447.01 0.38 
717.26 579.80 7901.58 0.62 
607.70 557.80 3411.43 0.29 
612.73 572.99 2355.63 0.33 
616.43 619.29 4367.86 0.43 
568.22 555.93 7793.60 0.53 
571.76 547.19 1452.96 0.40 
625.50 757.57 5408.72 0.43 
583.42 567.99 4378.56 0.40 
725.79 544.72 711.02 0.51 
563.69 598.31 6846.40 0.45 
543.48 642.46 5978.15 0.36 
593.75 697.38 2402.90 0.37 
676.99 677.72 1052.46 0.43 
559.24 701.04 1766.25 0.23 
835.80 556.83 1944.40 0.45 
655.15 677.50 3755.28 0.25 
670.44 858.97 7843.38 0.39 
612.08 701.35 4909.86 0.39 
548.27 739.35 4945.39 0.39 
563.77 550.57 4122.05 0.41 
570.53 697.24 4521.60 0.33 
581.04 834.66 6872.16 0.44 
829.51 676.20 1460.86 0.49 
829.78 562.08 2700.90 0.44 
