630.71 735.40 4611.52 0.32 
581.99 645.97 927.37 0.40 
580.85 548.94 1024.63 0.48 
581.35 839.89 7873.31 0.43 
630.71 683.99 4110.47 0.52 
652.08 615.28 7897.07 0.41 
604.52 697.40 7839.96 0.44 
699.34 657.25 961.07 0.63 
567.49 674.64 3976.91 0.35 
653.55 621.77 7071.29 0.51 
769.20 792.59 6966.33 0.30 
547.67 563.62 629.77 0.54 
581.69 622.72 2327.82 0.44 
697.19 543.77 5309.72 0.23 
557.53 597.81 7827.42 0.44 
625.49 685.94 828.41 0.39 
764.40 652.24 2795.70 0.40 
612.31 610.24 2988.08 0.19 
632.67 554.50 1171.73 0.32 
616.43 543.19 4868.98 0.59 
551.60 623.00 4251.06 0.34 
563.64 540.92 903.17 0.36 
602.37 556.99 1538.88 0.35 
553.57 664.29 3347.03 0.26 
540.46 806.15 3146.65 0.51 
576.67 543.24 6822.07 0.16 
546.56 592.61 6730.49 0.37 
640.52 633.75 3017.18 0.48 
694.50 576.83 3962.21 0.27 
593.71 578.79 3484.20 0.48 
613.62 632.89 5548.94 0.45 
626.21 672.67 4457.84 0.40 
791.67 823.43 3425.12 0.39 
711.01 584.10 4079.65 0.43 
556.19 740.21 7161.34 0.29 
555.23 588.92 5143.99 0.42 
790.33 605.28 3039.22 0.41 
595.30 648.46 1707.53 0.54 
648.25 653.27 7551.39 0.47 
569.81 658.67 4748.05 0.46 
660.38 632.47 6111.91 0.43 
655.47 793.19 2203.96 0.37 
624.39 623.13 7296.61 0.42 
561.21 721.05 6484.76 0.37 
540.85 885.88 5627.85 0.30 
625.67 638.16 5081.17 0.50 
592.97 552.60 1335.22 0.42 
679.44 562.32 7827.96 0.28 
596.35 580.77 3856.42 0.39 
649.33 568.59 3496.03 0.19 
697.27 736.00 6543.18 0.41 
626.92 565.29 714.85 0.44 
713.94 724.75 4139.89 0.42 
643.57 590.33 5489.35 0.37 
724.23 664.25 5429.56 0.52 
611.73 744.87 3196.27 0.47 
636.93 742.63 669.22 0.41 
581.23 664.20 3765.87 0.32 
566.32 564.66 7056.20 0.37 
589.53 600.83 2030.28 0.43 
561.81 816.14 2115.20 0.51 
734.50 753.56 1118.65 0.40 
581.90 563.15 6116.47 0.22 
589.88 548.59 3210.98 0.42 
655.63 680.44 7524.27 0.47 
746.55 645.26 6601.48 0.38 
835.31 576.17 2186.84 0.27 
579.44 742.34 1114.22 0.49 
715.61 725.11 3290.20 0.63 
641.73 557.33 2738.26 0.48 
570.37 701.53 6095.26 0.36 
549.30 636.12 4227.65 0.26 
673.71 597.36 5755.58 0.19 
586.28 682.20 7709.13 0.31 
609.81 671.41 4330.43 0.38 
558.00 545.33 5733.83 0.30 
670.54 569.64 2220.36 0.44 
611.77 577.79 3829.82 0.48 
677.38 556.79 3867.37 0.41 
583.08 605.77 4932.04 0.48 
610.37 718.44 7778.63 0.43 
570.08 677.79 2622.96 0.50 
549.63 603.29 1586.45 0.35 
594.97 595.13 5256.76 0.45 
548.06 580.08 6209.31 0.49 
634.88 650.39 2367.64 0.45 
561.04 543.98 6795.37 0.48 
697.74 760.94 7879.20 0.55 
549.33 658.19 3371.61 0.44 
677.93 571.38 5807.35 0.39 
748.63 568.82 3066.40 0.51 
687.61 569.65 6101.89 0.48 
654.06 557.15 802.10 0.37 
664.71 580.21 7255.15 0.43 
567.61 576.30 3615.18 0.41 
663.53 693.10 6715.72 0.36 
613.21 603.40 6836.33 0.48 
550.16 577.83 3899.97 0.52 
672.93 758.54 6311.18 0.33 
574.52 562.27 3523.79 0.26 
668.05 540.40 4225.24 0.40 
