572.70 752.07 1247.79 0.23 
651.90 733.67 4613.61 0.31 
700.03 767.92 7559.73 0.39 
566.13 737.50 7299.95 0.55 
635.60 575.41 6058.01 0.32 
563.99 735.32 6539.55 0.49 
586.37 570.74 5073.51 0.46 
626.82 615.73 953.70 0.23 
541.33 578.73 7282.62 0.35 
673.59 603.51 6502.68 0.35 
703.48 673.62 2466.71 0.56 
663.43 597.91 1904.01 0.40 
709.68 548.02 2120.26 0.38 
641.93 597.92 7788.96 0.29 
595.08 587.34 642.16 0.50 
554.54 820.42 2774.72 0.32 
614.37 678.53 5143.34 0.60 
588.25 631.19 6369.75 0.52 
544.77 541.95 5511.70 0.52 
568.68 593.13 5971.42 0.34 
551.03 612.69 3778.34 0.30 
541.20 666.43 7903.98 0.44 
760.21 720.02 3974.25 0.34 
548.79 595.07 7903.05 0.50 
570.49 716.75 5272.21 0.42 
625.34 601.15 2762.50 0.28 
738.80 567.34 6121.12 0.36 
606.12 561.59 5006.84 0.54 
544.06 715.89 1487.98 0.38 
560.25 610.91 3756.03 0.30 
653.45 625.12 6635.26 0.36 
584.22 712.10 6741.53 0.24 
685.01 595.02 3234.85 0.28 
740.03 609.54 5046.49 0.46 
620.38 602.62 3266.13 0.37 
629.68 541.99 1177.09 0.45 
659.88 822.07 5051.35 0.33 
731.99 559.92 1615.14 0.22 
617.41 558.69 2117.95 0.48 
757.36 552.17 4238.62 0.30 
568.98 772.50 5643.47 0.37 
669.52 704.65 2090.39 0.24 
642.52 642.94 6665.31 0.47 
622.90 739.33 2976.41 0.52 
656.78 653.64 6513.96 0.33 
546.37 594.82 4783.17 0.53 
648.58 642.95 1667.32 0.43 
728.50 619.19 7334.68 0.34 
644.84 668.56 2624.05 0.65 
573.94 643.95 938.36 0.40 
664.64 650.71 1468.98 0.37 
653.82 628.74 2097.61 0.42 
609.23 624.01 6124.12 0.40 
742.19 554.50 4147.08 0.25 
583.44 613.77 6316.92 0.47 
707.58 604.15 4582.50 0.39 
572.25 727.92 2836.00 0.60 
548.81 656.82 7396.52 0.50 
543.07 562.00 5955.51 0.28 
560.87 708.49 5727.35 0.36 
702.66 543.43 5686.41 0.29 
588.62 622.50 4901.57 0.58 
590.33 855.64 2188.84 0.53 
544.49 566.30 3363.06 0.57 
855.81 593.80 2738.37 0.44 
638.60 545.92 1365.44 0.33 
645.31 619.51 3014.45 0.26 
548.34 579.64 7848.62 0.34 
584.46 547.18 2325.30 0.55 
584.84 698.68 5195.66 0.52 
617.88 546.00 3215.11 0.34 
584.85 556.80 5481.97 0.27 
646.28 640.14 2381.32 0.45 
550.36 554.71 6375.63 0.49 
603.87 552.71 5496.83 0.23 
548.06 554.38 1338.87 0.44 
576.26 548.29 2620.37 0.32 
592.97 647.96 982.58 0.58 
575.30 637.82 3183.02 0.42 
637.06 688.54 5217.40 0.39 
600.35 667.55 2826.67 0.44 
