600.83 606.90 4828.99 0.49 
682.56 655.27 7059.52 0.34 
575.01 556.38 1701.12 0.43 
600.23 550.07 3518.47 0.49 
688.62 774.49 6841.71 0.30 
748.94 718.39 2236.20 0.49 
543.75 541.51 6219.08 0.51 
614.67 636.74 5683.81 0.30 
633.46 718.82 3935.03 0.37 
695.07 601.31 5374.10 0.51 
549.21 630.10 3933.72 0.46 
581.29 550.59 7268.04 0.38 
694.22 600.44 5487.37 0.31 
553.07 579.33 2041.09 0.40 
578.43 586.48 3147.63 0.53 
559.56 715.76 713.05 0.29 
584.29 574.47 5818.21 0.20 
638.08 641.06 1880.92 0.38 
602.15 541.01 1032.60 0.44 
573.97 689.85 782.56 0.44 
692.92 558.98 7556.11 0.56 
673.64 638.09 4431.99 0.40 
760.93 628.99 6492.97 0.40 
580.75 594.12 600.99 0.35 
596.06 628.86 1684.10 0.44 
644.35 567.92 5564.71 0.40 
556.47 586.16 7607.99 0.47 
749.02 775.33 5883.94 0.39 
696.42 614.04 7594.24 0.38 
703.31 582.42 1046.44 0.25 
602.76 543.54 4866.53 0.56 
640.24 648.68 6382.58 0.44 
650.64 627.75 4346.37 0.34 
744.68 914.35 4566.34 0.37 
714.60 713.19 4613.49 0.39 
559.26 647.25 7323.59 0.49 
627.37 612.85 1539.67 0.18 
636.07 553.33 6612.21 0.38 
654.86 627.87 5173.25 0.24 
615.79 577.86 1270.87 0.41 
588.93 696.10 869.79 0.41 
599.09 578.64 5486.06 0.24 
750.71 563.77 3723.11 0.48 
621.67 540.98 4545.54 0.28 
668.10 576.14 7799.19 0.38 
542.01 579.14 3936.26 0.41 
591.73 704.59 2136.91 0.46 
577.08 578.58 5016.73 0.40 
610.03 683.85 7674.00 0.28 
644.14 560.76 4969.82 0.28 
574.86 573.40 6607.48 0.57 
609.29 655.49 3637.30 0.32 
651.79 703.97 3776.50 0.33 
599.31 711.25 6350.83 0.45 
559.57 584.45 1905.54 0.39 
771.01 763.32 4885.77 0.31 
705.69 542.67 5609.35 0.36 
604.26 673.10 1428.15 0.31 
659.53 703.07 762.13 0.45 
615.84 634.56 7428.68 0.34 
581.95 665.54 7624.91 0.54 
575.86 711.08 6968.76 0.56 
747.07 748.89 7331.85 0.25 
577.07 743.63 4915.73 0.42 
641.60 668.43 4361.05 0.54 
625.90 676.77 7402.09 0.33 
796.90 611.55 1125.11 0.29 
575.26 562.22 3884.72 0.27 
571.18 573.39 7203.34 0.59 
565.61 641.83 3724.81 0.20 
778.24 680.08 1208.77 0.47 
652.20 746.15 4302.43 0.35 
631.59 543.04 2503.02 0.42 
563.15 706.21 2575.57 0.21 
756.05 645.99 6846.80 0.44 
635.55 755.26 7023.13 0.50 
548.31 619.02 7039.59 0.40 
619.04 596.81 7565.20 0.36 
632.17 549.89 2905.29 0.26 
614.23 585.70 1107.67 0.51 
541.67 570.82 6767.83 0.51 
653.69 600.31 558.64 0.30 
552.71 585.70 5539.24 0.35 
556.67 668.53 5032.03 0.35 
622.39 676.64 3449.74 0.26 
616.00 907.81 2692.06 0.45 
638.16 686.54 7152.60 0.52 
659.03 649.41 7447.08 0.43 
544.55 615.90 7403.95 0.55 
660.02 618.27 1591.20 0.50 
578.95 586.34 2537.77 0.40 
550.37 705.92 7828.75 0.30 
731.74 551.62 5687.34 0.30 
569.35 559.12 1214.86 0.53 
540.71 570.88 3515.51 0.26 
605.45 657.81 4501.25 0.30 
610.20 708.25 2316.65 0.45 
603.55 666.03 561.46 0.32 
831.04 631.40 2352.43 0.40 
647.14 648.63 7705.38 0.21 
572.81 663.90 6521.42 0.47 
550.90 636.41 725.86 0.48 
829.36 605.02 929.46 0.49 
709.58 574.97 6278.28 0.39 
818.63 589.51 7893.99 0.37 
678.75 559.96 5258.71 0.25 
541.70 593.49 5631.73 0.42 
571.71 585.73 4271.63 0.47 
686.03 545.91 1466.96 0.43 
559.71 596.61 5801.29 0.18 
679.56 546.23 5928.02 0.49 
634.55 750.61 7541.02 0.47 
645.40 622.01 3744.10 0.50 
582.59 879.47 6724.82 0.26 
653.03 600.62 4766.36 0.36 
599.45 753.67 590.95 0.35 
553.75 610.38 1096.83 0.53 
594.77 649.96 7735.53 0.57 
641.50 590.26 2030.94 0.36 
604.06 627.91 3477.13 0.47 
611.82 603.95 6615.11 0.62 
562.56 581.32 2093.91 0.45 
558.22 700.37 7885.48 0.38 
685.32 606.04 6090.38 0.32 
656.84 584.82 5108.84 0.42 
775.33 631.20 5179.93 0.47 
559.78 606.30 2008.01 0.42 
558.21 642.34 1995.21 0.40 
800.41 581.85 654.12 0.46 
634.47 568.49 594.69 0.38 
584.44 706.65 3503.08 0.46 
547.74 563.72 1629.96 0.38 
786.47 682.78 5666.92 0.45 
698.37 627.28 1023.46 0.51 
661.75 640.06 7878.63 0.54 
678.27 679.71 3615.20 0.38 
778.86 666.75 5066.48 0.48 
639.01 781.09 4934.87 0.48 
717.27 772.81 3737.02 0.36 
592.57 747.49 3022.44 0.44 
547.94 818.87 7340.08 0.18 
617.71 727.45 2237.02 0.27 
600.31 598.48 6312.19 0.39 
662.87 564.04 7846.19 0.44 
593.75 590.51 2601.71 0.49 
578.90 554.84 6912.10 0.59 
719.12 610.62 7488.36 0.56 
652.60 662.43 3078.80 0.25 
702.13 785.06 608.11 0.52 
657.44 545.30 6508.42 0.38 
570.43 595.37 2139.49 0.38 
