604.08 545.27 5441.15 0.41 
625.44 686.48 3176.75 0.46 
662.23 554.21 3154.32 0.48 
616.96 650.90 6341.25 0.31 
548.78 664.80 6948.51 0.53 
554.20 708.26 994.23 0.27 
604.99 631.51 1587.83 0.36 
591.01 663.73 6918.88 0.47 
585.48 696.81 7277.71 0.48 
750.79 688.75 1468.95 0.33 
601.39 755.04 5509.60 0.14 
669.75 594.86 1829.44 0.42 
598.85 553.06 7361.49 0.30 
681.89 739.94 7153.80 0.43 
630.28 662.93 7856.20 0.39 
680.28 597.48 3400.11 0.39 
599.64 719.33 1589.46 0.35 
554.52 547.85 958.32 0.39 
578.67 597.62 1674.39 0.38 
586.98 593.11 2979.19 0.37 
676.45 687.65 4141.99 0.28 
554.16 584.80 5475.26 0.46 
707.93 566.42 7700.51 0.46 
658.29 563.48 7047.55 0.46 
632.22 792.85 6664.34 0.34 
580.43 603.05 696.53 0.36 
580.61 633.48 6358.13 0.43 
667.03 700.64 2740.15 0.41 
542.08 551.80 7318.91 0.29 
562.80 545.91 6449.43 0.36 
664.64 573.93 7451.35 0.38 
546.14 572.43 6896.27 0.50 
702.42 637.27 7674.93 0.39 
712.47 607.22 2578.31 0.46 
559.24 583.67 3519.63 0.33 
610.68 775.04 6311.55 0.47 
596.30 706.61 2615.90 0.49 
590.22 561.86 3416.49 0.47 
598.01 610.12 1039.39 0.26 
633.91 585.82 1314.76 0.39 
785.15 576.36 4567.28 0.40 
705.70 689.24 1958.59 0.37 
719.32 543.78 6527.32 0.41 
556.20 645.38 5758.03 0.35 
597.86 709.27 2109.72 0.40 
594.77 558.45 3254.36 0.32 
587.26 624.59 7940.86 0.39 
578.07 758.07 2190.54 0.42 
579.62 645.73 6486.25 0.37 
670.40 687.47 6461.74 0.51 
609.73 636.31 1482.64 0.43 
587.33 711.91 1562.35 0.41 
609.86 613.38 2915.77 0.31 
638.14 566.61 3039.01 0.47 
594.68 553.73 7297.09 0.49 
649.12 620.87 4997.97 0.49 
609.93 556.53 2489.99 0.44 
613.05 587.91 6663.78 0.27 
580.33 618.44 3480.01 0.40 
540.28 634.69 4586.93 0.36 
623.26 635.70 7675.80 0.58 
587.11 714.25 5139.97 0.48 
707.34 543.88 2644.76 0.31 
697.15 683.52 4622.80 0.44 
613.11 704.72 7311.04 0.56 
681.94 672.45 3233.15 0.44 
804.07 593.28 2382.51 0.24 
697.99 733.32 6001.25 0.35 
734.58 576.91 1388.10 0.49 
786.34 677.11 959.05 0.27 
576.82 674.48 5957.94 0.23 
594.35 721.90 4402.85 0.46 
636.16 731.16 6766.70 0.44 
741.43 699.73 3020.76 0.31 
634.03 685.76 1776.97 0.43 
648.73 632.86 1576.95 0.36 
578.90 543.70 4784.97 0.43 
684.43 574.34 4585.65 0.46 
591.75 545.61 7588.38 0.47 
555.41 645.65 5009.29 0.55 
580.44 582.47 2286.23 0.39 
650.50 558.00 2895.07 0.30 
701.28 744.84 6017.28 0.38 
578.38 596.68 1957.67 0.30 
756.50 616.29 5547.74 0.45 
701.70 610.99 3166.77 0.48 
661.38 634.19 555.34 0.48 
608.89 576.89 6418.01 0.44 
571.57 722.96 5267.42 0.53 
636.86 602.04 4362.89 0.28 
643.56 546.03 6089.79 0.44 
