601.69 222.58 4333.57 0.32 
396.49 173.57 905.81 0.58 
287.57 537.07 1532.00 0.57 
329.92 448.45 2867.43 0.42 
209.14 73.27 1588.96 0.32 
327.63 52.72 1305.06 0.50 
452.08 434.30 2978.48 0.46 
488.06 205.84 3721.80 0.47 
39.89 909.91 4827.28 0.53 
544.82 333.32 5668.19 0.42 
643.32 454.80 7370.74 0.39 
567.24 761.14 7875.58 0.34 
837.04 244.55 3018.72 0.40 
31.00 556.08 1483.53 0.35 
998.90 528.49 3990.05 0.35 
672.04 891.87 1313.18 0.43 
47.19 822.92 5465.71 0.49 
836.28 8.28 4568.15 0.52 
208.71 750.22 7102.62 0.24 
280.88 69.48 4690.82 0.51 
174.67 340.18 5190.31 0.45 
473.18 24.13 3016.60 0.47 
681.75 379.92 2269.23 0.38 
478.60 755.67 3458.12 0.39 
428.72 396.77 2656.51 0.38 
86.25 298.87 5417.57 0.40 
559.60 250.30 7884.81 0.15 
155.75 925.68 2094.55 0.37 
795.38 719.98 4253.57 0.38 
494.92 289.15 4462.39 0.41 
839.42 227.37 757.11 0.19 
314.94 202.54 7454.67 0.40 
405.11 205.03 5176.09 0.44 
330.43 746.02 7119.35 0.33 
187.07 100.26 4453.45 0.29 
449.70 287.50 4788.04 0.50 
212.63 514.26 3031.95 0.45 
265.96 306.70 6447.00 0.35 
244.42 164.85 7819.96 0.40 
942.89 80.21 1692.42 0.21 
557.27 813.45 7010.20 0.44 
773.79 857.56 4330.57 0.26 
364.82 809.20 7929.47 0.35 
569.11 996.36 2452.28 0.38 
130.11 721.76 1707.39 0.35 
934.03 72.76 6446.47 0.40 
746.91 609.50 6840.59 0.27 
479.84 511.03 1848.38 0.17 
238.36 704.95 6643.37 0.29 
566.45 132.14 1831.72 0.47 
879.19 801.30 2973.44 0.57 
499.95 882.64 7598.80 0.23 
28.17 950.91 3555.05 0.41 
360.61 126.33 3697.43 0.53 
56.58 503.58 2965.38 0.45 
170.94 345.66 5047.13 0.37 
503.54 232.75 1140.35 0.36 
738.53 68.68 4478.48 0.39 
484.97 742.33 2684.03 0.54 
738.59 799.12 2249.01 0.30 
762.20 386.48 6033.50 0.39 
900.47 750.44 7155.21 0.49 
150.83 145.26 7744.06 0.35 
202.14 163.88 2705.03 0.22 
858.50 808.60 4587.66 0.33 
876.09 899.84 2697.10 0.34 
200.53 160.86 6959.55 0.55 
616.88 133.10 5964.66 0.29 
98.88 813.76 1621.03 0.30 
431.90 235.06 3983.22 0.51 
47.52 792.68 3304.05 0.33 
73.61 998.36 683.83 0.28 
377.32 783.24 588.68 0.56 
370.06 37.67 5189.98 0.61 
805.31 133.69 7606.91 0.48 
166.29 598.31 2177.04 0.30 
365.97 782.09 7193.92 0.46 
94.94 815.11 4582.46 0.26 
930.61 435.69 4166.41 0.24 
302.98 207.18 4703.58 0.52 
990.67 726.16 1470.18 0.37 
320.36 469.77 802.64 0.44 
153.04 55.18 6307.50 0.34 
915.27 357.02 6207.42 0.27 
641.48 239.93 867.21 0.36 
444.31 146.82 6015.06 0.45 
866.78 380.02 975.35 0.42 
478.15 170.92 5430.01 0.42 
994.93 61.48 803.84 0.37 
427.00 594.24 1928.45 0.23 
164.02 759.81 5954.54 0.58 
264.68 773.43 736.40 0.43 
158.04 223.52 5163.81 0.38 
974.30 435.84 1020.53 0.42 
601.66 538.28 4958.19 0.32 
928.89 739.97 6976.43 0.32 
83.12 267.27 3090.56 0.35 
450.48 231.68 2912.37 0.37 
609.68 517.69 4881.22 0.34 
335.61 348.94 3464.61 0.34 
848.07 430.96 5202.54 0.25 
