449.02 460.04 5757.62 0.53 
282.44 102.25 2578.01 0.37 
988.81 514.63 5670.96 0.37 
238.03 430.62 7562.99 0.54 
556.12 579.84 5169.66 0.44 
325.24 712.89 2532.12 0.35 
365.38 698.92 7872.36 0.48 
104.80 947.58 3908.41 0.36 
930.69 643.39 2358.31 0.36 
102.73 156.46 5040.73 0.53 
424.37 514.86 559.38 0.57 
274.56 177.17 3867.76 0.45 
90.82 714.73 3575.50 0.18 
360.69 9.02 1259.75 0.47 
648.26 345.22 4346.00 0.29 
887.96 470.07 7412.52 0.31 
671.10 528.09 5527.02 0.41 
4.91 419.59 6546.42 0.50 
26.69 641.78 6860.36 0.38 
237.21 843.28 2730.47 0.19 
46.92 829.56 3562.85 0.27 
127.64 632.95 7348.25 0.39 
580.62 770.62 1038.92 0.56 
48.82 687.61 4171.98 0.36 
807.78 37.48 1418.98 0.60 
913.84 867.93 6344.26 0.43 
441.20 991.09 4629.56 0.37 
183.91 527.21 1488.24 0.49 
11.78 151.39 6589.71 0.59 
306.75 574.86 5877.50 0.34 
476.53 86.49 7235.00 0.22 
294.31 885.21 3141.74 0.39 
626.97 805.17 5063.06 0.27 
543.74 7.28 3695.43 0.48 
261.01 333.88 5681.10 0.40 
657.27 547.90 5419.41 0.40 
944.98 982.11 2029.78 0.39 
61.09 860.17 6162.69 0.37 
390.22 825.08 563.34 0.45 
752.36 166.18 1429.64 0.27 
38.83 187.99 3360.83 0.33 
810.51 450.69 5749.26 0.52 
758.38 632.92 6309.19 0.32 
141.36 184.21 7955.79 0.48 
528.72 812.79 4837.84 0.27 
730.00 547.34 766.44 0.53 
436.05 954.15 5614.03 0.32 
865.07 543.55 3550.97 0.36 
18.77 2.41 3296.43 0.49 
968.45 489.53 962.85 0.25 
212.26 154.35 5684.11 0.63 
880.64 475.06 3731.36 0.33 
572.12 608.95 7103.09 0.29 
476.00 681.90 2843.11 0.24 
698.75 590.71 3311.05 0.41 
28.88 961.60 2838.87 0.34 
503.16 691.45 2733.07 0.51 
740.89 896.45 6613.03 0.41 
132.57 194.51 6609.47 0.51 
643.00 131.14 7337.57 0.55 
582.98 598.38 1228.87 0.52 
779.14 70.32 6466.84 0.62 
659.52 58.28 2691.82 0.41 
188.56 923.00 6983.24 0.24 
477.78 879.12 1436.71 0.38 
964.38 448.31 2414.44 0.32 
932.07 691.30 6712.60 0.50 
259.04 859.07 7760.22 0.43 
869.93 143.86 3081.87 0.37 
923.31 986.57 7399.43 0.37 
313.83 182.26 4347.83 0.48 
842.21 647.64 5035.68 0.40 
247.20 519.33 7712.83 0.35 
515.81 907.37 4262.61 0.27 
846.61 239.68 4925.27 0.45 
19.51 648.77 6678.08 0.55 
788.61 532.69 5318.98 0.34 
869.17 175.08 7279.52 0.63 
406.79 967.89 4405.74 0.40 
164.18 938.74 6343.03 0.33 
123.40 96.49 5366.72 0.46 
542.22 449.20 4325.80 0.37 
154.46 280.81 5216.41 0.63 
263.03 824.76 7188.30 0.52 
994.88 764.94 1845.09 0.43 
158.05 763.09 679.33 0.24 
461.68 55.49 3293.57 0.58 
203.11 182.08 7717.14 0.44 
21.98 584.59 4223.29 0.37 
262.53 775.33 5394.49 0.31 
995.60 484.36 1403.94 0.31 
736.10 912.25 7888.68 0.34 
818.51 672.74 2419.99 0.48 
741.56 945.75 6020.38 0.49 
527.65 597.24 7781.22 0.47 
361.90 154.13 653.42 0.31 
704.14 122.03 906.88 0.61 
861.01 399.17 6262.37 0.46 
341.69 593.55 3337.74 0.31 
557.36 618.81 6891.88 0.18 
120.53 952.35 3057.55 0.41 
881.21 557.35 1784.35 0.39 
822.17 450.27 1729.93 0.53 
616.80 564.86 5455.74 0.34 
652.72 609.03 6686.84 0.32 
241.80 843.29 5657.49 0.45 
917.47 252.36 2490.43 0.30 
868.27 482.24 7291.63 0.34 
247.61 941.21 6545.41 0.14 
512.78 891.78 4320.66 0.46 
694.14 830.51 4590.07 0.27 
182.61 511.03 1630.29 0.41 
820.71 684.81 2659.69 0.30 
664.24 736.44 4587.68 0.37 
124.54 584.61 658.25 0.34 
502.09 985.69 2546.13 0.20 
946.66 221.92 2778.42 0.27 
719.85 385.67 3216.77 0.54 
583.41 821.80 2851.75 0.34 
581.04 265.70 6235.88 0.36 
740.34 791.41 5183.33 0.38 
528.20 48.63 3748.82 0.34 
268.04 544.28 3538.76 0.16 
253.31 190.54 4168.49 0.44 
353.03 385.32 6963.96 0.38 
211.04 27.42 1722.91 0.16 
902.43 384.79 4037.60 0.45 
319.19 79.75 1703.46 0.28 
731.12 281.43 1124.28 0.32 
829.38 952.38 1969.84 0.34 
637.25 306.65 2177.41 0.50 
579.51 188.04 4399.57 0.26 
415.49 534.43 1982.39 0.37 
945.54 605.32 1287.18 0.36 
15.91 760.27 2172.36 0.43 
635.22 921.26 5842.16 0.28 
195.12 776.35 6703.42 0.39 
53.71 48.61 3533.43 0.49 
240.72 219.85 4439.87 0.45 
817.64 920.30 7123.04 0.23 
371.36 361.62 6050.81 0.40 
301.37 158.27 2382.66 0.47 
744.20 411.27 3608.54 0.26 
18.36 328.44 4194.73 0.36 
237.73 232.88 5771.06 0.50 
530.61 945.37 6776.10 0.44 
246.86 86.30 1492.21 0.25 
246.86 171.62 1047.93 0.43 
134.97 880.74 3803.38 0.48 
431.02 242.07 6152.70 0.59 
66.20 898.68 2852.70 0.25 
