563.23 473.95 4173.20 0.37 
648.45 927.46 3148.16 0.56 
478.01 952.20 5944.30 0.40 
74.90 537.48 1325.42 0.41 
219.22 320.12 3703.68 0.54 
895.07 496.47 4717.84 0.39 
895.13 872.80 7485.87 0.37 
690.04 383.40 5896.24 0.43 
455.01 637.37 2300.75 0.38 
898.93 618.06 2989.18 0.48 
916.43 608.09 4875.38 0.46 
279.39 506.35 5759.82 0.55 
644.53 412.40 5860.81 0.25 
964.91 18.59 7395.79 0.33 
991.60 989.60 7758.71 0.51 
136.06 835.03 1203.71 0.35 
31.08 255.73 750.81 0.41 
454.43 243.53 6420.65 0.60 
967.92 226.24 807.07 0.50 
251.77 112.89 1209.43 0.31 
21.59 901.30 1860.32 0.26 
