871.43 104.65 2831.65 0.33 
984.41 634.15 3494.86 0.42 
236.10 372.57 2690.44 0.38 
988.02 451.36 7678.30 0.50 
724.17 470.07 6153.17 0.46 
733.47 611.32 6471.84 0.58 
963.05 719.57 7384.18 0.36 
126.80 766.29 1606.49 0.40 
150.95 853.39 5202.30 0.50 
772.11 32.11 7989.43 0.26 
435.78 559.38 5211.25 0.37 
713.37 789.07 7355.76 0.50 
685.07 466.63 1253.04 0.50 
840.00 78.66 3420.83 0.43 
3.33 437.48 882.77 0.38 
955.60 353.10 1290.00 0.50 
472.00 297.45 831.68 0.29 
954.86 195.09 2704.59 0.38 
266.23 372.10 1789.28 0.43 
670.89 523.34 1103.00 0.46 
438.32 748.96 4123.39 0.40 
270.70 22.71 3003.73 0.37 
223.08 588.64 4750.27 0.65 
322.82 699.56 1404.14 0.52 
18.05 68.01 6340.04 0.47 
22.63 755.88 7875.60 0.49 
100.11 351.12 931.59 0.45 
424.66 420.47 894.22 0.34 
368.69 2.61 2816.39 0.40 
739.05 70.31 1107.87 0.36 
740.36 341.56 3004.45 0.36 
844.43 347.43 3457.13 0.47 
373.79 688.57 7113.41 0.36 
649.05 30.47 7562.11 0.44 
370.84 300.81 1151.09 0.50 
996.67 988.99 7012.17 0.49 
499.48 981.43 6644.88 0.37 
616.36 543.85 3783.08 0.36 
415.43 63.29 5110.52 0.44 
512.18 216.96 5431.29 0.27 
748.83 321.62 2605.80 0.29 
990.48 997.22 7079.39 0.51 
775.57 693.31 3059.97 0.42 
740.09 520.33 2285.77 0.48 
541.17 749.28 4590.26 0.42 
481.73 683.78 2399.07 0.43 
662.21 162.11 3107.34 0.32 
355.23 244.83 7947.57 0.38 
332.70 869.66 7739.73 0.33 
538.73 509.71 5472.18 0.43 
629.83 892.41 6563.58 0.24 
419.21 774.22 932.13 0.47 
190.24 410.84 4603.27 0.35 
735.43 255.14 1811.89 0.25 
936.89 541.26 2494.48 0.38 
474.74 723.52 7151.37 0.48 
331.62 512.59 4955.67 0.35 
359.22 356.53 4635.29 0.35 
737.10 592.10 4956.76 0.33 
640.93 734.79 3648.20 0.41 
854.29 38.56 3811.09 0.33 
732.46 776.47 4005.74 0.46 
891.83 683.44 1604.55 0.23 
220.73 393.08 2207.53 0.42 
488.17 13.42 7446.21 0.43 
796.86 31.41 6969.53 0.34 
386.61 114.33 4509.55 0.45 
32.08 113.02 3402.12 0.30 
228.83 752.66 2608.76 0.38 
143.62 859.41 741.57 0.34 
433.06 635.47 4930.27 0.54 
531.01 585.73 2396.82 0.29 
134.35 374.39 595.67 0.55 
981.46 326.84 7547.00 0.32 
342.67 460.48 3014.27 0.55 
807.14 521.40 1739.31 0.34 
401.82 161.38 5898.25 0.31 
500.88 397.21 768.71 0.54 
169.80 412.69 1080.80 0.49 
701.44 974.48 5751.66 0.15 
78.96 675.55 7950.69 0.57 
714.80 114.55 3544.39 0.36 
938.84 261.09 4370.90 0.36 
621.03 496.55 4743.39 0.37 
411.64 618.42 1363.43 0.34 
134.14 590.48 7120.85 0.34 
994.02 592.63 2026.69 0.37 
107.28 726.19 5093.50 0.51 
880.08 177.80 7712.70 0.32 
571.44 926.07 808.30 0.29 
640.09 18.38 6412.70 0.20 
851.34 795.55 6957.04 0.21 
434.23 4.52 3513.93 0.29 
956.53 48.42 3622.83 0.55 
778.58 117.54 3437.87 0.46 
644.94 110.17 4599.65 0.29 
303.37 22.39 2027.91 0.49 
295.18 196.74 6741.24 0.60 
686.37 286.05 5479.05 0.41 
704.62 641.82 3272.83 0.55 
25.25 990.48 7916.32 0.11 
805.12 453.83 4139.36 0.30 
432.09 575.14 3804.32 0.47 
913.96 862.79 2051.90 0.33 
17.01 109.02 6095.42 0.42 
823.32 286.29 562.20 0.39 
680.87 680.99 3427.44 0.35 
791.21 846.34 3529.10 0.49 
93.00 988.26 7755.73 0.31 
294.19 530.23 3622.21 0.53 
798.77 477.33 5553.69 0.40 
408.35 859.14 5684.71 0.37 
824.05 984.42 1999.31 0.38 
520.64 639.50 680.75 0.39 
236.07 871.32 4641.61 0.48 
63.20 979.88 4031.03 0.40 
527.93 247.60 2935.99 0.37 
387.96 299.23 7576.99 0.39 
141.65 306.25 5305.34 0.49 
237.27 892.39 7215.41 0.52 
983.00 823.57 1015.30 0.35 
455.27 699.99 7628.20 0.37 
41.15 935.38 7377.68 0.44 
260.03 22.13 6361.94 0.52 
664.43 804.83 931.77 0.22 
150.04 866.65 5116.10 0.38 
197.36 347.29 4645.42 0.24 
144.14 611.62 6084.06 0.41 
417.31 835.53 1927.78 0.41 
798.31 440.59 5694.97 0.39 
963.76 736.09 3115.41 0.21 
256.18 163.51 4134.80 0.42 
0.78 241.21 3010.62 0.45 
376.34 225.43 6268.88 0.29 
40.84 578.52 7532.20 0.45 
844.14 919.04 2755.50 0.43 
864.70 675.89 7757.76 0.29 
679.38 623.46 6867.80 0.48 
49.64 205.39 6906.34 0.52 
955.62 685.40 1939.28 0.30 
852.98 457.60 1148.35 0.47 
68.67 813.81 4985.55 0.36 
248.10 136.17 2146.28 0.39 
949.22 377.13 7621.28 0.30 
266.98 698.00 4067.63 0.48 
80.08 153.33 3165.67 0.51 
533.21 683.11 1835.90 0.28 
627.48 94.53 5784.10 0.56 
868.28 922.57 5365.80 0.31 
956.08 816.93 7156.15 0.45 
95.51 125.55 1465.12 0.30 
0.48 426.78 2003.85 0.30 
951.18 124.78 5293.31 0.35 
597.31 137.07 1198.27 0.44 
222.56 704.84 3361.39 0.36 
827.44 937.40 800.04 0.39 
574.15 101.10 3720.27 0.33 
520.75 450.18 3730.73 0.38 
783.80 797.11 2366.20 0.18 
377.28 466.96 5970.76 0.41 
402.82 473.38 1399.51 0.42 
158.66 512.96 1315.90 0.29 
872.03 883.53 3552.79 0.48 
299.43 970.51 973.48 0.43 
388.49 20.63 5229.81 0.42 
235.76 712.67 2152.34 0.26 
925.00 357.00 948.46 0.36 
102.63 96.88 6691.44 0.40 
682.04 814.61 4558.84 0.36 
21.70 362.75 1924.49 0.39 
405.65 778.95 4728.39 0.43 
502.11 612.09 3905.72 0.25 
766.89 181.81 4553.61 0.48 
971.55 348.84 7378.92 0.42 
780.74 931.80 2206.33 0.20 
814.45 71.27 2753.96 0.51 
783.39 699.07 2040.48 0.31 
639.39 270.09 6964.76 0.36 
104.78 900.02 3222.10 0.27 
654.77 851.16 6237.96 0.42 
412.69 270.70 7516.52 0.42 
778.14 6.87 2295.53 0.55 
990.06 456.88 1355.85 0.39 
422.16 769.71 3964.62 0.42 
490.09 832.30 3818.99 0.53 
223.44 338.32 1499.12 0.33 
123.21 234.10 2224.50 0.29 
447.05 39.78 5987.26 0.45 
725.56 379.67 4791.20 0.29 
500.26 831.79 1563.29 0.34 
775.08 507.93 5497.36 0.40 
218.20 230.66 7057.69 0.38 
523.51 830.66 2279.17 0.35 
87.88 731.10 3955.37 0.40 
942.96 948.13 7684.50 0.24 
807.08 244.12 1963.32 0.38 
914.59 693.89 6715.82 0.18 
932.29 981.84 1176.18 0.32 
862.81 345.16 2044.18 0.34 
463.94 51.06 6908.08 0.41 
38.63 640.13 6417.50 0.34 
