408.26 755.59 6467.06 0.38 
347.86 531.98 7076.61 0.49 
291.36 902.18 4074.25 0.44 
684.15 324.13 3216.48 0.50 
679.45 216.89 6708.96 0.43 
867.79 886.68 2322.42 0.27 
626.44 130.18 5690.08 0.50 
488.91 716.92 6715.30 0.30 
135.83 872.23 2540.43 0.43 
770.50 843.50 7316.73 0.64 
985.30 74.40 2216.44 0.39 
593.92 624.59 6478.09 0.39 
934.83 658.33 3676.22 0.51 
946.21 835.65 6392.39 0.38 
83.71 109.83 4282.47 0.39 
123.71 548.42 5184.47 0.35 
752.44 298.81 7627.22 0.45 
315.20 738.49 5501.04 0.25 
797.41 440.10 4390.81 0.44 
483.50 868.98 4112.01 0.33 
130.39 310.08 5291.31 0.43 
437.18 543.39 3778.50 0.42 
150.45 357.84 2950.54 0.52 
755.34 691.09 2382.97 0.34 
121.03 251.24 5727.99 0.33 
623.19 211.35 3974.43 0.39 
383.58 750.94 3176.81 0.36 
433.86 951.66 3678.61 0.32 
916.95 638.97 6752.85 0.36 
192.17 807.59 6072.45 0.45 
678.80 973.52 5834.90 0.46 
