741.11 598.97 747.56 0.48 
192.59 754.12 1955.63 0.32 
192.72 849.12 7657.39 0.24 
803.06 29.07 5482.80 0.38 
835.79 262.22 7368.93 0.35 
980.21 372.88 6326.77 0.60 
725.51 965.89 2209.05 0.26 
37.45 564.60 4163.87 0.47 
712.46 957.69 4972.07 0.49 
759.97 449.45 3492.81 0.35 
861.86 243.44 3890.50 0.32 
952.24 581.79 3972.72 0.51 
272.95 632.25 2216.13 0.45 
941.50 89.12 1385.71 0.46 
612.03 254.32 5279.49 0.63 
823.15 739.69 6878.35 0.45 
697.81 394.56 6861.67 0.52 
625.76 422.61 7232.65 0.37 
902.76 610.41 4964.22 0.45 
216.41 196.37 2102.48 0.46 
526.45 965.96 2378.66 0.47 
737.71 187.54 811.69 0.31 
51.22 155.04 2702.97 0.32 
693.07 462.91 1830.99 0.38 
781.84 99.13 7142.08 0.44 
709.19 418.61 757.16 0.48 
599.59 537.62 1314.35 0.39 
188.41 672.53 5407.44 0.51 
808.03 129.23 7175.94 0.59 
906.03 180.72 1239.32 0.40 
520.64 556.59 6706.36 0.49 
450.08 674.26 1758.92 0.52 
25.00 178.67 1217.90 0.27 
787.36 206.44 7476.87 0.45 
669.44 466.43 4259.21 0.44 
166.24 865.78 6425.47 0.41 
247.76 49.38 6603.54 0.44 
735.19 632.09 5993.94 0.43 
626.40 909.63 4568.92 0.38 
317.84 90.92 4296.26 0.40 
565.20 505.21 3831.71 0.35 
