597.34 209.11 3277.57 0.45 
122.35 612.92 3129.74 0.40 
665.33 120.36 1935.27 0.21 
983.08 308.20 4640.96 0.39 
41.46 683.85 5154.74 0.34 
765.24 625.09 2783.90 0.49 
276.25 982.51 1624.86 0.41 
937.33 500.47 5031.36 0.47 
389.08 659.74 6776.01 0.37 
879.07 554.86 1823.85 0.34 
437.89 757.94 7178.84 0.44 
92.50 716.57 4097.93 0.43 
732.93 120.54 6540.99 0.52 
201.76 332.57 5524.72 0.24 
466.79 58.13 1040.33 0.30 
578.95 311.27 4482.27 0.56 
102.61 228.80 4741.01 0.23 
763.88 760.90 1481.03 0.39 
255.01 770.86 6969.84 0.39 
931.15 598.50 6694.81 0.33 
863.32 869.01 729.10 0.51 
102.20 869.82 3827.40 0.45 
371.12 550.93 6529.79 0.39 
665.33 529.61 1508.04 0.36 
143.30 473.22 7936.00 0.49 
813.55 251.75 2855.04 0.36 
57.14 337.53 2414.85 0.35 
455.47 364.39 7156.56 0.40 
756.15 909.75 7161.30 0.50 
917.44 212.12 7819.94 0.53 
445.41 126.38 4887.61 0.46 
706.55 434.58 3837.14 0.46 
901.58 649.71 1113.51 0.42 
820.92 700.73 7683.16 0.27 
965.26 362.61 4533.86 0.34 
602.44 57.36 1528.78 0.36 
651.86 517.45 2462.97 0.27 
160.89 25.11 818.34 0.39 
960.64 614.12 2922.77 0.33 
640.20 20.47 2080.78 0.44 
861.10 77.57 2707.68 0.46 
436.51 289.79 7087.12 0.29 
998.26 635.50 6983.11 0.37 
253.57 831.35 6104.90 0.33 
670.56 114.88 6313.71 0.46 
138.39 353.83 2179.26 0.51 
209.90 538.93 588.95 0.21 
375.36 99.45 7296.62 0.39 
225.67 722.97 6738.88 0.56 
31.61 853.79 4740.96 0.40 
282.89 551.23 4505.45 0.41 
691.85 3.53 6600.24 0.10 
569.02 233.08 6941.44 0.28 
355.65 500.70 4952.25 0.34 
389.92 755.12 5718.78 0.16 
901.80 785.44 3602.53 0.42 
928.40 586.81 3833.81 0.46 
967.49 426.64 3382.34 0.25 
431.94 288.11 2702.75 0.29 
508.68 607.20 3470.53 0.27 
780.24 784.83 2405.52 0.46 
872.79 830.50 5050.41 0.38 
457.41 703.63 3319.26 0.25 
546.43 909.82 1320.57 0.53 
136.17 728.03 4109.28 0.56 
165.18 552.18 4468.52 0.46 
16.54 586.86 3889.73 0.31 
167.90 620.65 7817.54 0.39 
473.76 108.47 3019.41 0.45 
125.54 490.61 4823.29 0.36 
511.13 61.71 3130.15 0.60 
