367.83 646.23 2066.52 0.35 
272.97 943.68 947.62 0.41 
180.08 921.86 3750.00 0.28 
489.79 973.31 6115.62 0.32 
632.30 519.47 3803.23 0.39 
40.12 394.35 3617.74 0.25 
296.43 144.65 1947.30 0.52 
780.13 894.43 3712.82 0.34 
95.47 74.37 2143.54 0.41 
76.60 25.56 7199.69 0.38 
551.84 457.84 2592.29 0.47 
71.70 432.85 5001.89 0.40 
365.80 710.40 4152.18 0.52 
213.51 800.39 5922.48 0.33 
582.71 771.01 6651.15 0.42 
736.40 527.62 5847.44 0.41 
607.10 13.27 2825.50 0.29 
736.09 844.42 903.63 0.43 
562.67 682.73 3598.07 0.40 
687.19 445.00 2354.67 0.47 
283.05 188.42 6333.87 0.31 
882.18 775.03 3645.61 0.31 
427.87 418.27 5096.79 0.29 
216.55 674.90 7994.72 0.32 
560.43 439.82 2903.19 0.34 
847.28 77.51 588.90 0.58 
283.76 661.21 3307.58 0.36 
553.87 118.85 5598.94 0.48 
824.04 382.01 4937.91 0.50 
630.33 163.21 732.70 0.55 
468.44 986.66 3618.00 0.22 
33.22 515.75 4420.66 0.39 
527.05 101.83 5094.05 0.55 
457.83 718.57 2209.84 0.34 
596.08 335.13 7652.44 0.40 
368.94 353.34 4861.62 0.46 
776.81 670.62 1382.18 0.55 
583.09 833.53 5028.75 0.43 
659.09 854.01 966.95 0.41 
299.75 221.39 6399.10 0.36 
639.69 748.88 6957.77 0.63 
973.70 184.37 6651.85 0.40 
928.60 477.24 4243.64 0.51 
780.46 676.71 4289.31 0.33 
137.27 422.00 3478.75 0.39 
771.90 238.02 5587.14 0.44 
960.27 814.29 2462.03 0.26 
976.03 210.90 5982.65 0.52 
302.21 559.26 5419.09 0.41 
441.37 43.64 2887.92 0.41 
486.18 275.68 5943.40 0.35 
543.91 838.13 3807.57 0.49 
463.40 797.95 680.70 0.40 
197.91 682.31 3963.91 0.46 
353.28 875.35 1518.66 0.40 
78.24 153.62 6500.77 0.55 
138.33 719.95 4786.25 0.28 
662.98 856.60 1346.61 0.55 
955.16 818.65 1280.38 0.37 
133.75 452.43 2104.00 0.39 
524.80 910.47 6540.37 0.45 
675.51 419.21 4761.17 0.32 
796.09 810.44 7504.99 0.43 
946.98 643.87 1269.88 0.32 
604.54 366.91 5098.00 0.50 
851.23 863.58 5038.05 0.36 
925.20 998.81 7212.71 0.36 
829.28 248.64 3962.94 0.24 
298.08 160.28 674.85 0.37 
787.93 929.22 6828.40 0.35 
983.21 607.88 6769.55 0.25 
218.38 723.51 7665.69 0.46 
943.31 342.48 1717.67 0.40 
781.22 510.65 1809.09 0.63 
515.51 606.96 3848.20 0.44 
544.58 723.10 2024.18 0.43 
609.21 839.90 7239.28 0.27 
537.09 1.08 1095.60 0.36 
22.78 213.61 6652.79 0.36 
392.64 678.29 4472.75 0.46 
402.15 477.00 6577.24 0.26 
