205.82 644.45 7907.49 0.62 
230.32 640.50 3013.50 0.32 
840.53 970.98 4603.95 0.36 
240.58 298.76 5236.87 0.62 
481.07 228.62 5466.32 0.11 
657.08 754.21 4745.91 0.37 
847.91 486.51 5455.46 0.46 
858.61 481.89 5902.18 0.48 
387.80 81.98 1420.10 0.23 
930.63 882.08 3497.42 0.43 
937.51 151.65 1464.07 0.32 
535.53 275.56 2708.05 0.13 
977.63 989.86 2939.51 0.44 
972.12 618.62 3558.50 0.36 
188.80 280.26 1354.00 0.34 
1.83 460.54 2748.02 0.47 
149.20 458.68 2211.86 0.54 
749.52 362.64 6363.40 0.40 
193.08 451.77 1539.50 0.23 
670.15 19.70 1001.36 0.48 
220.87 481.30 2443.60 0.53 
2.32 52.29 3463.45 0.45 
476.85 915.73 2503.74 0.45 
554.05 78.65 3687.82 0.40 
432.16 629.91 7667.07 0.36 
34.33 515.75 2620.37 0.38 
200.80 543.90 1349.99 0.37 
359.48 212.41 5209.11 0.51 
721.01 951.01 907.08 0.34 
533.17 678.10 6933.46 0.32 
932.96 611.85 5613.80 0.36 
381.99 357.56 4623.35 0.49 
628.81 40.79 1798.49 0.42 
887.66 213.71 1113.96 0.26 
627.79 798.38 4301.11 0.32 
308.35 245.47 2630.87 0.48 
596.27 238.32 4366.79 0.32 
143.68 488.20 1970.65 0.44 
682.31 53.86 3907.80 0.42 
143.50 355.80 5643.42 0.45 
230.63 90.21 7710.41 0.36 
563.62 795.38 4891.60 0.43 
85.65 407.34 3563.81 0.62 
262.00 878.37 6662.59 0.49 
348.30 112.27 4595.42 0.39 
736.74 961.75 2819.02 0.49 
230.38 357.69 2326.88 0.49 
17.74 67.05 4347.82 0.41 
727.00 401.83 5911.49 0.33 
324.75 364.79 5156.27 0.33 
911.87 225.43 4809.51 0.38 
436.37 671.19 3729.71 0.27 
537.35 839.48 5121.05 0.47 
821.30 291.46 6579.23 0.46 
406.17 729.39 3656.26 0.44 
262.30 838.05 2439.76 0.20 
366.56 459.20 2103.03 0.36 
154.28 348.86 647.74 0.44 
287.50 96.66 1758.02 0.42 
35.03 993.91 3664.63 0.32 
595.39 63.30 4466.91 0.45 
565.80 332.11 5047.20 0.41 
823.20 214.18 2554.91 0.42 
929.37 732.10 6849.51 0.32 
644.22 311.96 7733.50 0.46 
968.19 552.50 7395.08 0.40 
366.76 686.85 5860.04 0.45 
810.02 663.01 7873.37 0.47 
265.58 326.29 2964.51 0.38 
892.46 134.29 6462.79 0.60 
159.27 179.82 3952.64 0.40 
322.82 513.93 1056.68 0.24 
627.56 310.23 4334.82 0.55 
221.59 199.39 3269.33 0.45 
344.56 91.42 2041.18 0.57 
873.38 506.12 2441.61 0.38 
406.27 818.20 4378.35 0.40 
131.94 176.73 1339.89 0.46 
805.63 428.59 2084.12 0.37 
28.51 181.77 5883.80 0.45 
485.54 74.06 1821.36 0.24 
54.04 696.63 7270.08 0.30 
637.53 737.80 2699.66 0.50 
216.51 405.44 3135.26 0.56 
147.80 181.30 7825.52 0.38 
7.91 660.41 2374.22 0.42 
686.36 82.56 7494.30 0.51 
599.52 222.40 7738.78 0.40 
833.00 155.22 4397.09 0.28 
368.20 111.66 2984.92 0.51 
604.47 352.15 1014.32 0.35 
