722.06 807.12 1092.21 0.55 
1166.14 945.38 1131.79 0.25 
677.30 869.05 2379.59 0.31 
560.96 985.65 1501.67 0.29 
643.04 704.69 1937.75 0.36 
665.84 612.89 1789.23 0.46 
659.66 674.38 676.54 0.37 
631.67 598.27 1580.35 0.50 
570.95 608.10 868.13 0.37 
845.66 653.31 1608.81 0.33 
634.05 1061.72 971.43 0.49 
734.60 656.75 658.28 0.40 
783.36 759.09 1846.55 0.34 
648.97 868.00 1017.61 0.36 
759.96 824.99 2008.01 0.49 
674.91 565.73 1266.45 0.39 
936.27 564.89 2000.26 0.26 
664.66 1269.91 1147.52 0.39 
650.73 860.19 1309.51 0.48 
665.13 567.12 1392.52 0.55 
828.66 859.84 1150.13 0.38 
590.52 1072.84 1164.33 0.45 
753.55 894.37 1597.48 0.21 
597.17 650.62 1011.40 0.34 
596.71 707.57 2046.99 0.31 
661.32 741.58 3000.81 0.36 
618.45 752.03 1017.92 0.26 
603.88 659.52 1794.04 0.47 
626.56 697.20 1446.19 0.27 
629.59 645.80 1396.12 0.36 
878.78 625.33 1594.78 0.47 
701.99 645.88 2269.29 0.41 
671.71 584.10 1681.65 0.39 
545.31 1184.03 2123.71 0.27 
651.79 618.92 1698.56 0.50 
679.16 1049.34 765.30 0.48 
756.00 713.43 1881.29 0.32 
568.37 568.10 2495.53 0.36 
816.46 565.94 1122.56 0.24 
596.55 900.82 615.48 0.46 
835.25 583.94 2561.10 0.45 
747.62 860.69 2217.44 0.37 
790.62 833.92 2374.98 0.32 
880.53 705.73 898.49 0.41 
619.46 588.01 1403.55 0.42 
677.15 982.55 1406.65 0.41 
636.93 768.24 2623.86 0.43 
771.09 783.36 1075.01 0.33 
843.90 777.06 790.25 0.52 
764.53 809.34 1205.76 0.37 
771.75 754.87 1111.95 0.51 
1012.21 573.62 1341.59 0.37 
555.91 733.57 1421.56 0.45 
862.53 821.30 2370.18 0.25 
582.89 610.18 876.75 0.25 
779.89 566.25 1433.93 0.46 
642.93 874.45 664.63 0.30 
735.57 560.10 588.83 0.39 
917.93 835.62 1821.95 0.43 
889.51 621.86 1123.62 0.45 
854.21 685.87 1895.98 0.41 
628.35 610.35 1642.78 0.32 
556.26 884.74 2060.12 0.59 
725.92 866.63 1555.38 0.43 
848.35 810.81 1790.92 0.57 
593.99 768.39 1522.35 0.41 
759.67 1048.24 860.90 0.40 
664.62 661.35 790.90 0.45 
744.58 644.62 1448.74 0.63 
1140.04 698.34 1398.43 0.42 
1016.22 687.41 2698.53 0.29 
