658.46 1148.17 1227.37 0.61 
633.57 594.60 1867.95 0.47 
1257.42 766.22 1276.99 0.36 
569.17 663.40 2048.25 0.41 
828.40 628.37 1017.78 0.35 
747.01 1136.56 1135.35 0.57 
857.97 745.95 1160.27 0.35 
705.10 716.30 1449.42 0.47 
616.21 607.99 1297.59 0.43 
677.14 843.50 1847.19 0.44 
609.85 710.72 1836.66 0.39 
654.84 719.77 858.49 0.44 
665.28 898.05 565.98 0.37 
551.66 604.28 584.28 0.31 
1019.51 748.63 1231.69 0.38 
704.59 557.01 1767.23 0.42 
643.21 743.35 1549.31 0.44 
716.29 987.80 1722.98 0.47 
749.52 564.90 1031.04 0.26 
717.15 809.62 2000.51 0.24 
541.02 786.69 1359.70 0.34 
562.43 686.40 2446.87 0.40 
947.54 611.02 1517.33 0.37 
734.96 588.28 1722.39 0.35 
769.46 574.96 1241.79 0.45 
569.14 654.26 2146.41 0.34 
708.27 1538.40 1163.18 0.43 
809.93 550.63 1625.86 0.53 
712.25 712.63 1183.44 0.56 
849.47 573.64 925.00 0.49 
582.63 586.33 620.88 0.57 
778.52 694.82 1035.00 0.44 
593.64 683.89 1336.80 0.24 
840.01 764.12 1684.48 0.51 
762.86 782.42 2754.10 0.46 
574.47 692.35 1760.49 0.32 
665.70 664.22 1872.86 0.36 
562.23 671.64 1247.32 0.34 
625.58 555.72 1193.11 0.70 
879.41 843.38 1191.62 0.45 
670.99 963.21 1502.74 0.48 
574.22 623.75 1344.48 0.47 
649.24 596.42 592.99 0.25 
1117.54 1005.98 1964.78 0.30 
667.96 753.46 1401.31 0.39 
572.47 802.11 613.13 0.40 
821.99 670.31 613.88 0.57 
810.12 739.00 1957.84 0.65 
708.03 703.03 583.73 0.42 
735.30 619.67 663.89 0.53 
574.50 758.22 627.55 0.35 
760.64 839.60 1346.23 0.31 
580.91 592.18 2766.41 0.36 
647.28 729.82 1567.98 0.38 
812.20 709.94 1205.10 0.32 
866.41 958.43 1105.49 0.14 
690.46 928.91 855.87 0.36 
1232.28 828.66 1565.04 0.31 
643.46 772.06 1834.72 0.32 
734.68 1022.30 757.54 0.47 
547.07 659.64 1600.35 0.33 
746.34 644.24 1486.02 0.35 
710.47 823.16 872.45 0.41 
805.01 1055.07 2001.50 0.54 
620.38 962.87 1216.51 0.29 
758.47 751.13 996.97 0.39 
747.26 799.83 2589.22 0.27 
687.90 1054.98 577.51 0.42 
740.73 788.24 966.74 0.48 
743.82 631.12 1312.05 0.49 
765.40 556.95 1123.79 0.25 
739.16 707.61 1219.59 0.48 
903.14 790.53 1232.13 0.58 
723.27 579.72 1979.10 0.26 
673.58 656.57 1333.65 0.42 
612.10 617.38 2236.55 0.37 
745.77 802.57 1805.64 0.38 
740.93 828.33 658.96 0.40 
1075.92 577.74 1128.00 0.42 
541.44 559.98 1476.45 0.53 
623.09 1022.82 1151.28 0.35 
728.27 846.01 1057.00 0.44 
622.74 646.80 1055.29 0.29 
770.92 567.83 971.55 0.41 
610.01 697.58 1089.53 0.33 
671.42 1186.14 1734.61 0.36 
960.27 632.47 1918.77 0.20 
638.52 598.61 1323.92 0.47 
557.92 540.99 2496.32 0.50 
612.49 596.46 1568.63 0.49 
821.41 670.65 1465.43 0.23 
