661.93 546.19 730.04 0.46 
630.05 560.77 1382.43 0.36 
1131.26 753.38 1169.40 0.35 
803.23 650.82 1785.86 0.31 
610.88 710.02 1171.22 0.62 
543.70 794.55 2986.74 0.38 
795.75 641.05 1688.84 0.49 
612.80 783.24 1419.09 0.31 
661.99 646.99 1081.91 0.51 
658.51 791.53 1553.90 0.54 
995.75 709.38 1704.30 0.38 
756.93 795.09 869.46 0.34 
971.60 577.69 1560.42 0.31 
920.76 917.39 1496.33 0.28 
807.86 627.96 1271.99 0.47 
867.40 766.63 1754.72 0.45 
731.26 686.40 615.10 0.25 
943.48 1016.15 1708.24 0.40 
1110.45 693.69 698.63 0.51 
865.71 617.15 1944.72 0.58 
692.74 800.77 1260.17 0.48 
744.06 553.40 1293.87 0.38 
888.32 696.30 971.10 0.38 
658.55 641.53 1380.65 0.51 
711.02 678.10 1570.91 0.30 
574.11 868.39 2088.09 0.32 
566.58 686.64 2073.05 0.37 
777.74 887.77 1230.25 0.43 
589.33 801.80 3167.73 0.34 
625.75 633.93 1832.15 0.36 
802.85 677.26 852.57 0.20 
543.78 676.45 636.31 0.37 
630.58 689.29 2011.66 0.30 
986.11 801.14 1070.68 0.38 
746.60 636.48 1481.04 0.41 
859.73 595.92 1277.05 0.57 
644.66 738.31 1102.68 0.49 
770.57 568.13 997.02 0.58 
585.92 789.85 1360.97 0.43 
785.46 647.59 1267.74 0.33 
687.17 668.12 2280.88 0.43 
721.01 639.33 780.68 0.56 
841.12 749.99 611.89 0.57 
732.09 669.89 2086.37 0.59 
692.68 616.06 1475.19 0.53 
896.60 981.15 1735.04 0.34 
998.20 784.05 703.46 0.17 
793.51 618.24 1399.40 0.50 
617.64 671.70 959.98 0.42 
594.70 603.79 1857.85 0.45 
783.74 648.13 1910.32 0.49 
579.08 703.21 1050.12 0.33 
834.07 866.41 2492.85 0.57 
701.26 748.14 1713.25 0.29 
747.41 569.81 1613.92 0.41 
991.02 558.04 1359.43 0.38 
911.99 856.59 577.55 0.34 
834.18 668.01 1225.38 0.35 
605.03 931.65 1548.24 0.39 
617.66 613.79 1386.96 0.44 
860.68 785.44 1314.93 0.38 
938.27 663.59 1296.52 0.36 
754.76 540.99 2070.12 0.34 
808.60 614.42 618.73 0.45 
806.24 633.97 2189.76 0.50 
677.61 578.34 2597.76 0.24 
654.60 853.86 856.12 0.42 
921.41 820.97 2344.91 0.49 
708.62 764.37 1747.91 0.42 
594.99 575.39 2134.33 0.38 
647.96 810.50 2190.63 0.62 
616.99 750.68 952.86 0.29 
684.75 1036.10 584.02 0.58 
727.64 798.34 1235.07 0.38 
706.83 651.87 645.09 0.31 
556.96 676.59 1043.16 0.30 
917.27 714.42 1470.83 0.45 
1075.71 826.00 932.78 0.34 
565.39 796.94 1697.74 0.47 
919.28 726.57 2128.74 0.37 
830.32 584.16 822.25 0.33 
