640.80 559.28 1983.46 0.26 
997.30 636.94 2044.77 0.47 
687.27 760.43 1191.71 0.39 
892.80 567.62 1972.27 0.38 
735.67 657.71 968.69 0.33 
574.08 726.98 1830.49 0.49 
831.99 813.80 1092.69 0.57 
792.55 612.40 1013.42 0.48 
685.44 709.37 2621.73 0.49 
726.38 626.36 1509.99 0.41 
656.91 1269.76 1702.33 0.39 
544.38 1157.28 591.31 0.36 
638.56 626.33 934.00 0.52 
904.34 802.16 1306.16 0.54 
936.79 765.22 1632.33 0.33 
849.62 752.56 1919.00 0.30 
936.32 729.04 2020.76 0.27 
853.05 666.63 850.60 0.49 
908.63 828.84 1463.87 0.34 
986.28 615.80 1805.10 0.43 
730.18 700.40 813.97 0.58 
647.81 677.62 1726.40 0.42 
876.83 570.45 1140.70 0.51 
743.27 600.45 1428.24 0.36 
980.65 577.88 1049.00 0.50 
553.98 697.73 1687.70 0.44 
814.14 622.79 1357.97 0.45 
612.24 698.83 1589.79 0.35 
591.65 651.17 577.93 0.32 
796.16 742.60 1353.25 0.40 
599.55 676.11 1882.88 0.57 
649.72 588.79 1279.49 0.23 
583.37 650.88 2114.76 0.49 
752.61 541.29 810.38 0.27 
659.15 607.14 608.58 0.58 
844.44 603.27 1271.30 0.28 
1146.49 1020.54 926.36 0.46 
940.70 637.67 2168.90 0.36 
733.23 838.19 1975.29 0.35 
1092.29 640.94 1476.03 0.32 
632.56 606.97 703.38 0.26 
597.72 906.23 1677.76 0.30 
900.08 564.49 1056.93 0.43 
629.79 645.30 1099.95 0.36 
722.36 957.89 1801.18 0.25 
566.62 543.44 1692.09 0.44 
911.30 612.23 1814.00 0.22 
823.93 925.17 1218.89 0.39 
603.72 734.98 1765.81 0.56 
1055.18 678.41 732.70 0.38 
724.33 657.45 921.27 0.32 
955.78 730.52 1120.23 0.49 
667.53 728.76 878.04 0.34 
678.42 1074.63 1641.45 0.27 
675.59 671.27 590.59 0.48 
698.24 560.02 1580.66 0.42 
766.12 730.42 808.06 0.40 
982.15 932.71 564.31 0.43 
1080.64 556.33 2449.09 0.43 
683.70 558.63 1911.25 0.48 
706.27 544.00 555.73 0.46 
673.24 702.46 1008.65 0.49 
808.79 732.48 605.33 0.08 
564.32 555.13 1873.34 0.52 
972.30 548.04 1696.09 0.52 
598.86 736.27 1451.68 0.44 
683.00 734.02 1762.75 0.47 
732.80 933.81 892.30 0.24 
788.44 607.35 1414.88 0.46 
777.11 669.78 767.03 0.45 
587.93 651.45 3186.25 0.42 
761.43 769.93 1578.62 0.51 
570.70 981.26 1338.71 0.34 
796.78 558.24 1085.60 0.54 
739.01 927.29 830.10 0.53 
576.32 733.76 1265.34 0.27 
750.44 598.81 1505.11 0.52 
703.56 722.45 1836.31 0.36 
651.27 598.51 1032.11 0.20 
696.85 558.26 1241.69 0.35 
851.97 864.79 1302.74 0.63 
643.27 717.75 1621.13 0.36 
988.30 826.26 819.17 0.25 
640.48 676.26 1508.68 0.41 
871.57 676.92 1106.91 0.43 
848.80 698.61 1434.20 0.43 
560.20 697.30 1463.17 0.30 
690.66 929.59 1372.63 0.57 
644.30 665.93 2569.02 0.33 
977.38 647.80 948.10 0.40 
781.20 701.52 897.39 0.35 
641.25 821.63 1292.95 0.41 
672.25 923.63 766.84 0.36 
719.69 835.60 555.37 0.54 
851.23 817.63 1941.55 0.46 
751.09 547.11 1334.99 0.25 
837.93 857.94 578.68 0.49 
724.17 687.24 2397.63 0.49 
712.10 730.30 2085.10 0.37 
799.99 750.19 1520.72 0.32 
599.50 727.18 1771.02 0.27 
857.82 700.91 832.09 0.35 
954.70 562.58 2025.90 0.46 
580.34 558.16 2317.49 0.36 
604.66 775.57 1581.05 0.34 
620.65 644.04 879.86 0.44 
744.12 679.12 1610.48 0.32 
767.06 615.02 1355.91 0.39 
757.63 728.91 1842.06 0.32 
640.57 618.60 758.34 0.29 
763.32 691.41 1397.62 0.45 
812.39 685.35 741.61 0.41 
1009.18 548.75 2029.21 0.34 
768.71 773.93 1616.15 0.39 
814.16 734.02 2681.48 0.50 
599.88 1033.89 1591.95 0.46 
623.46 589.99 1032.97 0.33 
780.05 987.07 1811.17 0.52 
554.79 769.12 2221.55 0.23 
709.97 563.16 644.17 0.52 
661.13 577.94 825.18 0.40 
654.79 634.31 1499.94 0.41 
661.66 833.85 1117.01 0.41 
546.86 647.06 1321.26 0.46 
916.94 946.32 760.09 0.44 
835.99 762.99 1726.36 0.40 
793.24 600.41 2330.61 0.47 
771.46 645.43 995.72 0.31 
1040.64 589.97 1924.02 0.37 
732.73 637.60 1589.38 0.35 
969.23 602.53 1384.11 0.61 
677.87 645.25 2503.41 0.55 
886.93 554.63 1798.05 0.35 
821.75 621.62 1403.64 0.48 
638.35 553.29 813.18 0.20 
711.72 807.28 1511.99 0.33 
579.72 588.40 963.99 0.61 
723.24 780.44 1540.61 0.36 
714.68 676.60 1321.73 0.54 
555.00 552.77 1548.56 0.51 
913.09 606.83 2043.22 0.32 
556.11 574.88 2283.99 0.44 
766.45 723.98 1727.57 0.38 
978.71 706.74 2191.72 0.71 
557.12 594.71 1347.30 0.28 
713.66 636.69 1628.34 0.23 
1143.55 896.07 888.04 0.56 
847.03 792.47 1779.09 0.52 
565.17 754.28 1271.55 0.43 
694.96 925.22 1993.74 0.46 
669.87 747.67 1204.29 0.45 
582.49 619.89 2210.52 0.40 
786.74 549.95 1191.02 0.31 
705.45 559.23 2099.16 0.41 
981.23 582.86 1547.07 0.36 
856.85 776.97 2290.58 0.52 
763.12 725.18 1033.40 0.37 
806.64 932.67 1327.45 0.47 
791.95 768.09 1174.61 0.58 
615.82 636.52 1237.94 0.49 
900.14 1165.94 640.42 0.38 
1077.63 595.94 1195.59 0.53 
581.18 778.29 777.42 0.61 
563.01 553.68 1371.76 0.27 
715.30 907.14 1514.90 0.56 
833.45 1074.17 665.11 0.25 
614.52 846.14 1201.64 0.38 
772.92 732.89 1349.60 0.24 
622.81 967.16 757.29 0.50 
610.92 866.98 2063.39 0.53 
744.17 717.25 2037.28 0.31 
551.88 811.96 1321.44 0.42 
597.60 633.89 671.83 0.61 
567.41 564.64 1205.01 0.18 
973.93 670.71 2712.24 0.52 
908.77 810.18 850.54 0.43 
778.08 661.73 1827.57 0.36 
700.59 621.56 2138.03 0.20 
628.06 667.61 1704.45 0.39 
769.75 829.34 1640.40 0.65 
656.61 776.45 2469.30 0.44 
612.64 791.31 1140.07 0.37 
578.08 596.29 928.45 0.43 
812.23 674.74 1785.40 0.50 
1176.10 659.18 1815.86 0.47 
1112.52 563.85 1441.17 0.57 
609.60 701.47 1302.71 0.45 
629.28 712.34 1032.80 0.47 
552.85 739.67 1014.44 0.46 
917.74 720.28 1822.40 0.40 
673.13 1138.59 1366.22 0.40 
770.65 798.35 2033.80 0.58 
745.16 655.29 1870.29 0.42 
795.36 698.01 1372.71 0.45 
794.13 565.39 1322.98 0.53 
552.32 570.96 1392.64 0.33 
649.89 613.42 1660.23 0.48 
770.66 763.57 1385.86 0.52 
669.76 552.66 1403.45 0.43 
652.37 662.53 1887.00 0.38 
680.65 1038.17 1233.76 0.36 
