788.95 648.86 1087.91 0.28 
771.03 661.40 1621.90 0.28 
908.47 642.29 669.29 0.53 
757.72 713.64 2086.23 0.43 
651.40 734.29 1311.71 0.29 
610.73 619.27 1572.55 0.42 
682.93 679.05 612.81 0.37 
818.98 873.79 1394.25 0.36 
658.90 566.16 1070.59 0.47 
710.33 909.68 1411.90 0.47 
757.27 662.55 648.35 0.43 
643.24 591.10 1732.26 0.32 
664.03 548.75 2000.57 0.43 
690.47 549.30 1711.63 0.41 
820.86 549.03 2214.52 0.29 
851.62 651.80 816.19 0.57 
729.93 756.12 2049.59 0.42 
752.28 644.76 1785.07 0.31 
830.25 657.99 1102.56 0.41 
964.04 655.37 1383.80 0.37 
668.65 653.28 1841.32 0.48 
855.26 792.90 1837.14 0.26 
650.24 740.86 2527.00 0.48 
602.83 543.46 1827.74 0.37 
628.71 1077.30 668.86 0.36 
1128.54 863.52 665.36 0.45 
637.95 568.37 2769.14 0.37 
685.54 861.38 2903.86 0.42 
666.72 1082.51 1820.48 0.36 
711.31 760.48 887.85 0.48 
610.07 674.58 1938.58 0.43 
690.02 580.10 1385.65 0.46 
788.67 691.10 2131.69 0.42 
564.53 633.77 1199.81 0.45 
750.46 680.39 1305.13 0.47 
602.09 669.09 1193.97 0.19 
597.29 672.27 1001.17 0.40 
561.78 553.05 1842.47 0.36 
843.62 603.57 1417.22 0.40 
703.82 732.00 2188.19 0.41 
668.99 821.53 1838.63 0.37 
