590.13 841.50 1579.86 0.39 
722.11 594.54 1460.25 0.49 
772.67 917.94 1066.09 0.44 
617.49 924.37 1269.35 0.35 
627.92 812.82 1437.11 0.38 
658.50 798.91 1321.75 0.41 
627.79 697.65 1615.57 0.43 
798.96 548.34 1333.84 0.41 
824.85 676.01 1522.94 0.53 
616.16 731.18 913.30 0.38 
571.20 866.54 1133.62 0.52 
666.69 827.58 1313.92 0.42 
844.43 578.48 1282.81 0.44 
657.60 576.44 930.21 0.44 
1142.34 583.29 2612.44 0.45 
602.53 639.05 1279.89 0.46 
594.39 763.20 928.70 0.28 
901.02 746.89 2136.91 0.42 
680.63 684.55 2730.71 0.38 
630.36 770.96 1661.15 0.55 
590.57 795.95 1426.41 0.33 
570.04 549.71 2595.70 0.42 
750.69 599.41 707.59 0.49 
755.97 803.89 855.02 0.44 
552.75 574.58 1732.20 0.44 
763.09 676.51 985.74 0.59 
684.10 614.12 1391.46 0.29 
707.77 661.07 2540.14 0.45 
788.97 626.90 902.96 0.42 
636.15 843.06 1704.41 0.43 
661.76 706.06 1628.05 0.38 
921.51 898.87 1084.49 0.46 
1038.63 981.81 1748.84 0.32 
567.31 552.78 1065.98 0.44 
828.12 632.45 2146.89 0.27 
731.95 869.12 1096.15 0.58 
957.22 589.09 2590.01 0.34 
564.99 574.21 1313.32 0.47 
744.01 804.25 1041.45 0.41 
816.99 648.74 1905.86 0.34 
793.00 666.77 2209.03 0.33 
578.28 565.56 1707.21 0.54 
691.94 579.64 2635.79 0.39 
739.73 716.71 1895.00 0.60 
733.95 820.77 2405.46 0.31 
1011.82 600.04 1579.68 0.49 
618.44 929.88 2009.75 0.28 
795.38 559.36 1345.10 0.51 
648.90 776.81 739.96 0.22 
654.75 659.39 676.62 0.40 
1074.20 626.06 1189.01 0.50 
685.86 580.10 716.51 0.40 
844.30 580.09 1799.79 0.44 
690.85 846.76 1394.74 0.21 
932.85 666.50 930.59 0.50 
573.79 795.33 828.30 0.49 
602.53 541.56 612.82 0.48 
541.40 765.19 2043.12 0.43 
571.06 628.13 1320.27 0.47 
716.87 616.75 1595.14 0.44 
579.78 594.69 615.57 0.44 
719.53 814.57 3518.60 0.51 
561.96 590.36 1084.58 0.22 
807.32 641.81 2359.94 0.25 
540.10 576.50 1402.71 0.37 
625.07 886.69 1200.79 0.41 
550.26 901.14 1694.16 0.30 
659.18 655.55 1492.67 0.43 
603.96 787.60 1452.52 0.44 
874.67 960.73 1873.57 0.38 
932.55 866.57 1333.80 0.37 
600.51 841.61 1560.16 0.39 
1068.45 701.01 1322.75 0.47 
547.93 559.81 2402.82 0.30 
872.19 797.49 871.09 0.40 
661.68 831.10 669.19 0.36 
772.05 797.51 2660.11 0.37 
565.09 762.85 1927.03 0.56 
565.42 915.36 1058.91 0.56 
674.61 691.10 2162.85 0.27 
568.45 557.77 1832.44 0.62 
725.93 571.75 1695.33 0.35 
638.30 992.37 1917.22 0.38 
604.52 1014.38 1457.94 0.49 
1046.60 734.76 1084.39 0.30 
717.54 600.40 2020.15 0.55 
830.01 753.64 1996.81 0.28 
711.20 658.66 1290.01 0.41 
587.32 645.37 1332.73 0.37 
696.31 643.43 1809.20 0.44 
741.55 567.69 1323.39 0.50 
684.36 588.06 2782.71 0.36 
805.31 731.82 1166.91 0.47 
695.13 813.33 2165.54 0.51 
810.98 574.63 1890.52 0.45 
686.15 703.63 949.86 0.53 
712.47 822.64 555.11 0.44 
713.20 774.73 2112.66 0.21 
623.30 619.37 764.54 0.36 
878.88 1000.19 863.09 0.35 
669.90 765.93 1465.97 0.29 
690.06 866.33 1679.30 0.44 
719.24 1071.04 1011.58 0.36 
990.60 706.71 1582.77 0.54 
551.99 591.73 1762.30 0.32 
831.69 692.28 1145.44 0.50 
1174.75 671.08 1951.18 0.62 
941.51 850.58 801.92 0.26 
867.99 566.29 2097.22 0.40 
768.56 560.90 714.98 0.25 
862.36 970.56 2498.12 0.40 
574.42 811.81 866.67 0.47 
760.37 946.25 1165.50 0.56 
639.95 857.88 1111.80 0.41 
674.06 847.85 1513.76 0.27 
708.70 893.05 2727.31 0.42 
693.17 844.53 1027.80 0.42 
606.36 657.32 1330.15 0.37 
835.15 638.80 902.22 0.48 
554.48 597.08 1238.49 0.47 
825.59 615.33 1198.02 0.37 
606.71 795.49 1207.47 0.32 
549.49 943.77 1201.30 0.50 
715.62 579.14 854.58 0.41 
592.02 976.39 1713.50 0.48 
750.36 640.11 1379.47 0.56 
843.40 684.76 1047.08 0.41 
667.54 616.59 591.25 0.20 
681.85 690.24 782.24 0.44 
706.71 824.87 1420.88 0.51 
763.21 1022.65 2107.10 0.41 
873.31 588.66 926.19 0.42 
648.58 623.00 666.80 0.37 
589.47 790.04 995.83 0.30 
547.70 844.95 1058.24 0.16 
576.80 839.97 1427.41 0.36 
787.84 612.19 1556.84 0.32 
752.29 784.61 979.69 0.41 
927.08 643.07 1532.32 0.19 
563.86 693.41 1083.19 0.31 
807.87 552.44 1104.75 0.42 
757.21 774.57 1592.40 0.38 
590.63 774.86 1365.44 0.24 
560.34 656.20 1344.94 0.40 
690.22 784.64 1342.36 0.36 
617.67 763.60 1205.41 0.45 
569.92 614.33 1685.84 0.28 
598.60 1019.71 976.04 0.60 
913.16 592.42 785.93 0.28 
611.04 755.80 1041.22 0.52 
824.32 749.36 910.47 0.23 
