664.73 602.66 1247.91 0.33 
549.95 564.76 1455.77 0.34 
772.60 749.78 1031.08 0.52 
650.65 617.57 2009.14 0.38 
587.19 840.08 1355.44 0.50 
608.49 548.11 1558.18 0.41 
1078.69 579.37 2440.90 0.41 
599.35 715.42 1871.76 0.35 
844.77 612.31 2432.93 0.44 
701.76 605.95 1223.71 0.28 
940.94 608.42 1008.98 0.37 
680.55 573.38 1835.68 0.38 
680.56 715.10 1303.65 0.46 
573.04 617.85 1626.46 0.48 
633.82 693.55 1094.23 0.54 
797.87 592.99 1214.68 0.47 
686.43 793.08 2131.50 0.20 
715.34 709.70 1518.11 0.33 
833.36 866.87 1142.47 0.57 
712.49 961.50 1975.35 0.48 
779.84 908.73 1760.62 0.36 
824.17 674.19 1215.16 0.28 
798.20 655.82 1608.08 0.42 
644.34 903.61 1679.01 0.21 
573.60 554.80 1786.21 0.31 
625.77 672.70 1582.16 0.40 
545.20 885.34 1235.99 0.46 
644.34 715.62 799.18 0.35 
672.22 791.42 651.48 0.39 
603.97 656.16 1614.07 0.54 
813.75 542.33 1076.61 0.25 
