765.63 614.00 868.75 0.50 
543.62 596.07 576.15 0.33 
648.48 613.67 2061.03 0.32 
990.80 620.37 1080.07 0.55 
818.83 589.84 759.75 0.33 
699.47 809.70 1541.56 0.59 
544.50 863.31 1099.03 0.56 
1018.73 777.76 1297.87 0.51 
545.69 759.60 890.73 0.24 
607.57 924.41 1888.06 0.18 
942.70 585.13 1534.95 0.39 
705.99 640.94 943.49 0.39 
780.57 752.69 767.09 0.45 
653.44 568.11 1481.62 0.41 
1049.99 545.35 654.44 0.59 
814.66 872.86 1503.75 0.44 
719.83 879.99 1417.10 0.42 
559.73 547.20 2368.48 0.33 
740.15 1043.48 1144.13 0.31 
1082.33 569.16 1798.95 0.37 
759.74 542.38 1553.64 0.27 
