950.20 717.06 1380.98 0.52 
745.93 1036.20 1006.46 0.37 
702.57 795.08 1196.09 0.35 
687.97 557.10 1809.54 0.17 
673.54 606.87 1460.75 0.27 
608.64 794.85 1896.94 0.37 
575.61 791.71 1901.12 0.38 
646.14 996.38 742.36 0.36 
672.25 888.01 1237.59 0.40 
606.94 544.66 2154.94 0.55 
600.00 856.62 846.02 0.34 
982.99 578.82 1966.76 0.45 
620.75 834.04 1181.52 0.54 
652.24 614.96 1685.76 0.61 
655.00 569.66 1453.14 0.42 
654.08 710.97 2378.38 0.37 
666.55 638.81 2121.53 0.18 
694.41 731.90 1410.17 0.38 
809.82 1037.12 1577.97 0.30 
779.04 794.98 2231.40 0.25 
765.35 587.16 1459.43 0.43 
682.38 610.25 1679.60 0.45 
847.36 609.32 935.44 0.39 
687.90 858.41 2239.42 0.37 
779.28 572.15 1431.10 0.43 
597.63 1050.28 2029.93 0.39 
651.81 819.20 1408.42 0.54 
888.77 1095.32 816.41 0.57 
1116.97 788.25 1218.74 0.41 
798.20 698.01 574.58 0.40 
691.55 652.40 1212.07 0.47 
561.13 559.79 1846.05 0.38 
766.64 566.45 1791.72 0.29 
684.58 894.64 1806.85 0.25 
633.35 741.74 1366.19 0.35 
1004.04 762.80 1139.62 0.41 
788.72 921.98 840.29 0.38 
601.22 819.40 1372.62 0.33 
968.96 599.06 1809.93 0.36 
868.89 682.45 1977.86 0.38 
665.13 879.47 615.55 0.47 
607.39 629.14 972.63 0.39 
1093.97 964.86 772.31 0.44 
610.21 906.75 2250.39 0.44 
864.83 679.48 1530.51 0.39 
566.39 827.03 2387.57 0.28 
786.96 835.28 2295.95 0.38 
854.77 965.54 1939.25 0.41 
548.89 675.25 1744.45 0.50 
641.01 701.15 704.06 0.31 
937.39 728.94 672.68 0.40 
644.54 743.52 1250.72 0.28 
557.96 758.44 1101.51 0.59 
683.01 626.77 1175.69 0.41 
632.70 662.88 1075.69 0.36 
582.15 908.65 1052.07 0.51 
605.27 757.38 1581.95 0.05 
575.62 1020.60 1158.60 0.47 
1027.81 911.73 1226.61 0.55 
1122.40 922.35 1955.80 0.35 
644.94 710.89 1466.94 0.53 
613.60 686.79 979.75 0.48 
691.66 930.35 1981.72 0.35 
621.82 670.96 774.49 0.51 
1171.34 589.93 2034.89 0.42 
1007.75 593.64 820.02 0.34 
667.00 711.00 2097.07 0.40 
592.12 698.73 2686.43 0.54 
599.91 693.32 1810.91 0.45 
955.36 666.38 1661.53 0.56 
868.69 676.28 1157.46 0.40 
814.26 783.09 1686.42 0.37 
838.47 694.83 2050.66 0.38 
645.28 547.81 583.38 0.19 
628.58 878.65 1748.70 0.35 
649.28 703.31 1325.61 0.33 
731.88 614.49 970.14 0.38 
605.59 666.76 1299.44 0.42 
626.86 790.97 1573.13 0.62 
954.18 597.57 1975.67 0.36 
639.80 716.06 642.38 0.13 
589.25 540.79 991.47 0.45 
609.94 886.33 1132.56 0.56 
1035.50 789.32 2236.30 0.29 
796.80 624.60 1036.59 0.34 
628.06 753.85 1059.49 0.46 
847.74 851.74 1469.21 0.47 
1014.27 566.99 1109.26 0.42 
571.46 920.64 1552.43 0.42 
1018.08 663.31 1279.82 0.31 
609.36 641.61 1662.09 0.46 
601.30 717.29 734.30 0.48 
754.02 608.99 880.52 0.35 
550.43 814.19 1570.09 0.29 
616.67 646.67 2231.06 0.35 
744.24 780.41 814.56 0.26 
628.31 645.65 1180.54 0.30 
972.12 674.78 1467.92 0.30 
565.03 837.08 1662.01 0.35 
637.88 638.43 1438.79 0.40 
806.92 663.90 2222.17 0.32 
