560.91 752.79 3813.13 0.46 
599.07 602.71 4228.68 0.35 
675.66 548.44 4144.07 0.35 
651.18 938.07 3103.83 0.39 
552.40 577.64 3875.50 0.40 
630.50 558.74 3818.07 0.58 
624.93 1062.37 4032.47 0.55 
1228.70 802.73 4391.92 0.48 
732.75 873.90 3116.85 0.41 
726.39 673.98 4013.31 0.47 
751.02 977.89 3182.82 0.35 
743.94 947.59 3379.34 0.56 
739.23 594.37 4594.99 0.44 
723.50 577.94 4020.18 0.35 
751.42 609.00 4499.86 0.46 
685.91 813.10 3321.46 0.21 
607.80 559.38 4464.06 0.65 
742.36 848.14 3798.70 0.43 
593.86 622.86 4542.26 0.46 
722.35 750.87 4250.87 0.39 
572.40 817.40 2871.83 0.23 
867.09 729.29 2953.49 0.33 
659.48 956.88 4365.38 0.41 
854.55 605.22 3559.46 0.45 
657.37 666.90 3479.69 0.41 
816.60 826.36 3992.14 0.22 
1065.81 627.94 4057.88 0.59 
769.34 717.90 4316.90 0.35 
1007.21 909.07 4674.64 0.41 
802.05 669.44 5404.61 0.44 
1181.04 627.39 5492.47 0.29 
802.00 768.13 3287.65 0.27 
550.73 810.75 3361.23 0.46 
654.28 628.31 3684.75 0.47 
824.44 1011.38 4129.57 0.19 
807.69 755.21 3480.97 0.29 
817.50 846.14 4137.87 0.15 
790.45 620.33 4316.72 0.28 
947.88 630.82 4407.36 0.40 
555.39 717.70 3934.68 0.35 
597.60 546.92 3872.62 0.31 
795.10 752.33 3700.44 0.32 
879.35 682.77 4102.22 0.53 
783.44 600.77 4143.41 0.33 
1062.24 664.33 3906.54 0.31 
596.01 546.44 4402.27 0.47 
699.83 588.26 3895.94 0.61 
827.67 979.63 3851.46 0.42 
708.95 688.69 5138.12 0.32 
1170.39 716.26 3523.98 0.34 
543.21 559.79 4326.44 0.42 
768.40 579.13 3989.62 0.44 
732.75 650.67 4626.47 0.46 
626.40 632.77 3704.25 0.35 
1105.41 729.29 3422.07 0.38 
727.18 872.13 2566.02 0.44 
872.47 847.18 4726.38 0.50 
735.81 607.59 3850.65 0.38 
576.01 973.98 4958.41 0.52 
996.87 686.80 3466.44 0.41 
635.60 578.29 2922.63 0.49 
867.96 747.19 3776.22 0.32 
711.86 717.71 4475.28 0.46 
559.75 700.56 4058.20 0.33 
812.99 730.26 4691.34 0.37 
823.96 583.03 4274.78 0.37 
608.26 831.19 4625.52 0.22 
933.88 551.82 2774.62 0.41 
544.22 697.17 2938.83 0.48 
881.53 631.74 3342.31 0.41 
783.41 556.28 4778.11 0.44 
821.16 572.60 4310.35 0.49 
713.52 541.94 4629.01 0.21 
760.62 717.41 3883.85 0.42 
753.93 573.61 3190.68 0.38 
795.78 571.93 4891.58 0.50 
878.64 806.06 4016.63 0.58 
558.07 734.19 4654.59 0.26 
623.25 1049.98 4644.86 0.32 
811.96 590.26 3708.45 0.47 
685.20 919.82 3229.30 0.51 
