762.73 1044.21 3612.55 0.55 
558.16 560.33 4996.62 0.32 
649.82 556.60 4167.71 0.27 
758.37 557.62 4243.29 0.37 
773.91 688.02 4228.33 0.43 
609.56 567.01 3754.58 0.23 
624.87 576.35 3924.80 0.34 
602.55 764.58 3786.25 0.31 
587.70 579.50 3691.52 0.44 
735.57 571.79 5033.50 0.45 
846.16 577.07 4086.96 0.27 
796.62 542.19 2708.79 0.29 
592.19 762.62 4707.46 0.46 
713.97 828.24 3836.83 0.43 
687.15 1180.80 3065.68 0.30 
800.25 816.13 3253.32 0.34 
724.70 705.29 3985.97 0.49 
639.76 695.71 4927.87 0.29 
570.30 673.53 3837.92 0.52 
700.60 581.34 3739.54 0.42 
546.25 565.29 4251.77 0.45 
560.27 730.28 4671.28 0.45 
616.26 993.37 4653.39 0.36 
757.29 644.59 4783.80 0.52 
605.15 1028.13 3586.32 0.34 
760.49 681.04 2859.51 0.57 
645.75 686.88 3474.27 0.36 
623.58 832.81 4494.39 0.38 
912.23 562.32 3691.17 0.35 
812.26 643.33 4848.55 0.59 
630.13 902.46 3953.20 0.33 
