638.17 542.42 3635.09 0.39 
710.02 565.53 3834.37 0.47 
609.97 637.45 4320.88 0.42 
676.01 599.80 3947.71 0.45 
708.27 811.91 3502.99 0.49 
918.35 553.34 4724.78 0.11 
648.92 1103.02 3973.16 0.45 
640.29 643.63 4991.67 0.33 
753.47 672.90 2869.04 0.49 
594.88 631.10 4045.79 0.38 
605.07 743.77 5012.95 0.43 
625.88 618.37 3542.74 0.30 
591.06 797.72 3978.62 0.50 
761.82 954.73 4373.68 0.38 
624.32 695.29 3332.98 0.24 
582.55 664.33 4405.56 0.52 
578.62 636.91 3599.58 0.48 
869.03 897.12 5195.98 0.31 
778.31 578.80 5024.30 0.34 
602.69 674.33 4444.45 0.45 
647.85 798.90 4356.47 0.50 
693.13 677.93 4922.85 0.58 
865.30 929.72 4039.24 0.35 
964.98 697.12 4672.24 0.53 
740.57 642.68 4759.80 0.46 
655.65 633.30 4854.55 0.43 
836.01 663.09 3590.50 0.40 
1025.34 1103.35 3195.40 0.54 
721.44 553.83 4082.78 0.30 
616.18 815.22 4021.63 0.37 
603.09 1176.53 5909.20 0.45 
717.87 777.51 4723.67 0.31 
600.23 1220.29 4607.98 0.32 
551.64 764.95 3855.25 0.53 
585.09 665.96 4316.54 0.57 
635.55 588.60 5589.41 0.45 
655.67 542.73 3549.22 0.32 
656.88 869.41 4397.71 0.30 
540.97 620.27 3053.66 0.21 
607.21 704.79 4685.29 0.28 
1009.46 663.23 2950.13 0.41 
661.30 629.74 2939.41 0.53 
669.96 626.27 3140.80 0.38 
923.23 727.78 4160.14 0.42 
575.72 821.36 4467.66 0.38 
574.57 790.51 3863.20 0.41 
717.38 681.95 4546.61 0.42 
778.79 752.74 4443.50 0.25 
1022.42 678.34 3708.22 0.28 
599.79 778.92 3825.48 0.33 
764.35 653.19 4423.52 0.48 
792.12 708.22 4115.47 0.32 
573.23 703.65 4100.80 0.42 
562.91 818.16 4475.02 0.51 
574.31 884.31 2856.23 0.29 
606.58 645.41 3515.87 0.52 
594.96 617.91 2863.97 0.43 
657.01 972.35 3372.76 0.48 
888.14 846.74 3667.22 0.33 
817.74 595.61 4467.45 0.34 
675.52 1000.44 3624.10 0.45 
739.89 876.33 4600.86 0.42 
715.27 721.20 3611.88 0.41 
739.92 819.07 3475.76 0.53 
858.16 546.58 3881.21 0.37 
542.25 699.45 4168.40 0.54 
637.57 1076.07 2408.16 0.33 
703.29 955.17 3675.23 0.15 
704.85 671.03 4587.12 0.30 
692.75 758.29 4299.38 0.23 
566.82 663.28 3915.30 0.48 
861.21 643.55 3237.20 0.40 
653.87 616.44 4364.79 0.45 
576.21 572.85 4124.79 0.51 
614.64 909.74 4269.01 0.35 
848.12 828.42 4274.56 0.35 
582.58 701.05 5344.95 0.31 
636.33 852.25 3690.49 0.55 
711.01 558.02 5065.68 0.38 
621.22 678.65 2870.01 0.48 
793.73 680.38 4737.86 0.35 
581.27 941.10 3822.76 0.35 
683.56 661.02 3298.91 0.41 
711.80 688.72 4448.31 0.26 
616.20 599.08 4606.47 0.23 
1192.62 548.14 4729.76 0.41 
734.88 710.19 3343.95 0.41 
590.99 556.09 4502.35 0.34 
546.33 613.84 4012.41 0.55 
731.78 907.01 4435.61 0.47 
696.59 977.10 3613.59 0.27 
