666.61 687.64 3803.02 0.28 
658.88 862.81 3685.79 0.38 
636.57 738.63 4811.16 0.48 
603.42 755.83 3013.00 0.44 
840.76 549.83 4961.94 0.45 
818.76 557.81 3276.93 0.55 
796.66 761.60 4142.37 0.41 
653.36 828.89 3566.35 0.40 
664.08 944.14 4462.35 0.40 
808.98 735.78 3611.19 0.39 
576.02 576.70 4510.74 0.40 
592.36 896.63 3047.33 0.45 
727.10 860.76 3569.22 0.44 
561.47 585.94 4008.83 0.39 
655.84 583.44 5181.49 0.41 
559.44 821.35 3724.61 0.37 
691.14 692.13 3892.35 0.39 
622.47 740.36 3392.54 0.49 
835.06 629.63 3881.97 0.31 
704.35 975.56 4385.13 0.42 
689.00 540.76 3556.62 0.36 
614.18 919.75 5061.65 0.53 
910.16 714.90 4752.49 0.20 
996.69 933.75 4676.59 0.49 
674.89 956.72 4839.28 0.17 
663.07 764.25 4106.22 0.57 
717.26 600.36 3148.62 0.25 
765.02 884.20 2998.89 0.40 
837.62 547.03 4591.87 0.51 
562.86 752.83 4640.31 0.51 
552.71 794.33 3738.66 0.25 
751.22 597.02 3445.57 0.48 
730.04 838.80 3429.00 0.46 
695.49 809.10 3296.55 0.21 
572.30 606.21 3496.97 0.40 
664.44 859.86 4159.60 0.37 
736.39 714.52 4863.24 0.21 
1030.22 935.01 3147.75 0.20 
709.59 653.86 4162.11 0.35 
977.57 869.19 1989.48 0.22 
618.89 806.13 3468.60 0.35 
1154.20 810.15 4316.81 0.41 
654.13 1142.83 3908.55 0.36 
749.39 769.73 3978.28 0.41 
653.31 806.78 4629.18 0.43 
553.71 989.77 3664.54 0.38 
727.45 653.51 5126.14 0.37 
604.07 652.55 2806.71 0.25 
788.04 855.29 4087.94 0.17 
585.32 684.10 4950.89 0.42 
1019.36 615.47 3970.83 0.34 
785.26 983.84 2979.42 0.45 
811.76 540.24 4682.18 0.27 
643.73 873.67 3649.85 0.34 
808.83 561.47 4328.28 0.27 
1028.86 633.41 5335.57 0.30 
817.80 676.76 3889.56 0.33 
706.34 556.62 4143.90 0.54 
584.81 696.80 3089.61 0.41 
574.21 565.45 4167.34 0.39 
563.79 613.56 4800.72 0.40 
586.90 811.33 3582.81 0.29 
628.07 550.56 4333.28 0.41 
546.34 597.49 3938.32 0.36 
894.47 617.65 2896.40 0.51 
600.97 707.77 5414.67 0.56 
635.24 839.20 3720.06 0.32 
1158.48 623.91 4013.82 0.42 
1046.74 794.38 3316.90 0.22 
728.63 663.93 4248.13 0.31 
591.48 666.81 4129.17 0.39 
571.04 641.62 2355.55 0.48 
558.00 577.70 4212.21 0.25 
876.60 754.40 4096.65 0.45 
646.16 679.67 3307.15 0.50 
740.25 595.11 3538.30 0.31 
1040.40 706.80 4390.77 0.44 
869.74 581.43 5863.06 0.43 
974.08 592.58 3944.73 0.46 
669.26 579.95 4012.85 0.18 
936.37 906.30 4344.47 0.24 
771.56 919.47 3242.34 0.44 
578.10 645.25 3020.81 0.46 
583.33 685.96 5700.38 0.49 
992.40 663.43 4372.23 0.34 
674.08 851.82 4086.33 0.37 
847.73 677.48 4474.86 0.50 
792.43 646.47 4481.31 0.71 
884.50 693.46 3366.60 0.50 
573.50 794.18 5672.89 0.45 
787.13 627.11 4204.82 0.33 
809.30 780.33 4225.18 0.35 
743.11 737.69 3562.49 0.36 
600.45 709.28 4556.82 0.40 
965.56 742.69 3375.50 0.46 
932.21 638.27 4081.64 0.37 
815.78 783.86 3595.41 0.51 
544.15 752.37 3131.56 0.44 
713.17 853.73 4520.26 0.64 
873.50 600.17 3967.73 0.37 
916.67 598.58 4596.11 0.31 
611.39 734.18 3533.59 0.68 
635.50 765.28 3297.89 0.51 
841.05 699.57 4069.79 0.26 
889.03 589.70 4412.75 0.23 
941.74 584.83 4265.45 0.37 
817.10 593.13 3289.75 0.35 
798.12 604.47 3465.55 0.46 
775.58 725.74 3962.94 0.21 
545.23 610.13 4472.32 0.19 
594.56 966.56 3998.34 0.40 
552.70 925.51 4803.90 0.36 
726.26 681.60 4764.70 0.24 
689.77 829.68 3680.00 0.36 
652.60 864.33 4619.70 0.54 
599.48 893.68 3005.31 0.38 
735.95 789.89 2965.55 0.49 
790.56 836.74 3371.57 0.25 
645.60 699.46 3060.48 0.43 
789.31 785.72 4030.12 0.34 
795.44 787.27 5043.80 0.42 
728.33 795.81 4269.40 0.50 
717.93 637.30 4115.41 0.44 
569.57 544.22 3957.74 0.39 
901.53 711.65 4710.81 0.44 
912.75 765.25 2871.08 0.35 
540.87 736.42 4921.92 0.46 
582.77 988.33 3279.45 0.39 
633.83 615.69 4716.92 0.53 
646.81 679.36 4568.14 0.52 
627.69 585.83 4222.21 0.37 
1034.33 622.46 3954.20 0.51 
653.37 684.39 5519.78 0.47 
559.19 801.56 3615.88 0.50 
697.00 572.76 4695.87 0.41 
638.31 695.65 4345.43 0.49 
883.63 787.03 4712.76 0.40 
786.75 718.17 3633.98 0.29 
643.66 662.53 4340.85 0.29 
706.44 739.66 3474.53 0.28 
810.16 736.35 3663.50 0.52 
758.63 1006.97 3925.06 0.31 
784.59 628.86 3716.65 0.21 
715.88 766.73 4246.83 0.20 
895.42 613.89 3236.90 0.40 
627.12 703.25 3933.30 0.39 
572.64 634.85 4222.65 0.26 
737.29 575.98 4437.43 0.41 
751.51 579.09 2451.03 0.37 
863.48 878.04 4158.49 0.53 
570.98 882.35 3980.58 0.54 
