1016.48 666.58 4648.77 0.48 
920.82 781.53 2815.58 0.47 
999.75 738.82 4447.69 0.35 
585.66 1195.16 4389.94 0.20 
759.80 911.76 3574.34 0.37 
696.26 846.89 4309.93 0.49 
808.78 778.72 5067.29 0.31 
653.74 599.98 3723.29 0.48 
563.04 724.78 5407.54 0.34 
587.87 651.28 3485.64 0.38 
915.64 898.76 4356.49 0.29 
608.16 583.03 3041.20 0.37 
782.94 620.78 3037.81 0.39 
614.56 660.17 3132.99 0.51 
812.17 885.79 3179.86 0.25 
716.02 590.91 4417.83 0.41 
676.15 620.34 3154.59 0.32 
775.67 832.63 4008.70 0.48 
764.16 575.10 4420.57 0.27 
784.94 840.63 4145.23 0.44 
1160.87 781.99 4749.77 0.26 
