663.78 848.56 3805.02 0.53 
798.93 966.64 4489.51 0.24 
607.59 707.22 3839.97 0.53 
546.10 585.90 4391.28 0.32 
731.57 651.90 3654.21 0.44 
680.08 705.38 3243.79 0.34 
656.06 913.70 4948.11 0.35 
1326.05 691.75 3411.92 0.48 
570.40 724.94 3802.38 0.27 
914.84 608.34 3599.49 0.33 
815.65 870.30 4345.83 0.41 
569.04 834.13 4109.04 0.32 
578.52 575.84 4044.49 0.45 
648.59 580.23 4194.82 0.50 
584.94 561.37 3343.55 0.40 
823.23 566.61 4486.92 0.23 
592.54 635.92 4343.84 0.34 
600.32 893.71 4535.91 0.55 
619.52 771.46 4095.09 0.57 
555.21 682.19 3954.12 0.35 
877.79 647.58 4602.11 0.41 
801.79 720.34 5422.37 0.54 
1219.63 947.68 5289.79 0.35 
702.21 888.41 3841.01 0.39 
619.25 798.22 4121.45 0.33 
624.75 588.69 3914.10 0.31 
979.28 774.14 3852.54 0.36 
551.74 821.74 3641.22 0.46 
782.62 907.11 3377.70 0.38 
629.70 561.36 3378.73 0.38 
643.33 618.63 4494.51 0.49 
688.56 1048.59 3011.31 0.35 
575.83 562.61 3894.54 0.44 
650.89 571.82 4369.93 0.35 
721.75 590.76 4246.64 0.50 
1197.29 793.04 3844.08 0.41 
680.89 993.66 3601.31 0.44 
909.01 816.18 5058.35 0.24 
760.60 1069.34 4329.46 0.49 
657.66 675.92 3545.30 0.33 
568.77 741.38 5093.26 0.50 
771.78 548.22 3565.74 0.35 
686.00 560.53 4479.25 0.33 
1054.66 1090.66 5002.17 0.21 
691.27 762.84 4398.68 0.31 
798.11 663.11 5031.46 0.41 
669.48 687.98 2383.64 0.45 
544.02 544.47 3163.23 0.33 
583.45 583.92 3501.40 0.40 
850.11 596.40 5056.23 0.45 
748.72 808.61 3428.98 0.35 
717.34 562.89 4295.23 0.29 
715.64 620.48 3068.44 0.39 
558.02 697.63 3898.87 0.31 
612.37 665.30 3885.92 0.36 
787.77 702.04 4192.47 0.50 
553.92 592.67 4496.63 0.26 
770.59 762.20 4220.72 0.39 
767.14 621.40 4467.65 0.38 
653.81 630.35 3744.98 0.48 
921.74 685.01 2302.96 0.38 
1065.12 827.65 4453.74 0.37 
581.76 574.01 3782.70 0.36 
1063.30 573.07 4222.09 0.48 
676.46 834.30 3641.64 0.52 
632.47 942.49 4040.68 0.57 
700.79 916.17 3999.74 0.38 
665.54 704.11 4020.78 0.50 
1050.40 617.94 3346.12 0.17 
683.65 1074.11 4617.41 0.35 
920.87 643.70 3348.80 0.30 
