735.93 652.17 3385.46 0.34 
678.76 641.74 4107.46 0.31 
544.49 571.28 3355.72 0.56 
955.74 645.68 3791.69 0.35 
616.78 1235.57 3640.99 0.41 
954.96 829.67 3656.36 0.31 
695.02 793.53 4769.61 0.35 
766.90 817.13 4745.01 0.40 
728.34 957.10 4004.40 0.44 
754.52 864.49 4135.61 0.46 
647.72 877.95 4788.47 0.50 
544.47 706.04 3929.88 0.54 
574.82 572.62 4915.52 0.40 
558.68 706.57 2773.70 0.43 
772.22 609.45 4102.53 0.53 
602.95 586.61 5530.78 0.42 
1008.01 684.69 3048.18 0.30 
639.18 967.98 3164.02 0.39 
925.40 666.02 3917.53 0.26 
754.89 587.12 3938.07 0.31 
598.91 795.14 4364.97 0.40 
698.99 798.01 3485.58 0.20 
753.45 622.59 3871.59 0.18 
623.90 731.77 3836.39 0.54 
719.04 845.30 4346.37 0.45 
946.54 569.12 3325.06 0.31 
582.16 658.13 4492.58 0.37 
627.36 777.18 3615.95 0.40 
631.33 637.77 3961.58 0.25 
1099.72 636.86 4607.90 0.51 
605.21 631.14 4332.95 0.53 
590.96 545.47 4869.99 0.50 
637.50 666.11 4888.67 0.40 
692.86 674.78 4183.28 0.28 
896.66 676.96 4649.26 0.28 
758.41 709.22 4491.21 0.38 
625.25 747.39 2841.54 0.54 
657.24 566.06 3918.27 0.25 
1023.74 715.88 4035.71 0.31 
829.48 601.26 3645.80 0.35 
559.01 701.28 3474.91 0.34 
880.28 606.47 3964.79 0.36 
592.67 544.65 5048.24 0.49 
883.95 856.01 4475.46 0.34 
842.59 561.96 4564.44 0.36 
640.65 648.22 3328.75 0.36 
734.04 810.19 4880.82 0.30 
656.81 715.14 4420.62 0.15 
665.38 950.75 4399.62 0.37 
1126.79 554.81 4223.81 0.54 
601.40 827.91 4361.76 0.40 
640.11 706.48 3994.45 0.41 
633.20 684.94 4097.06 0.39 
693.60 919.60 3736.99 0.27 
619.85 666.92 3992.06 0.31 
605.93 808.10 4275.52 0.39 
684.43 825.76 4114.21 0.37 
722.95 668.91 3604.12 0.56 
694.58 906.33 4074.69 0.43 
724.47 1307.40 3495.68 0.49 
800.10 634.21 3639.57 0.49 
547.39 544.10 4283.03 0.44 
836.25 574.23 4404.29 0.36 
1052.39 684.03 3460.20 0.35 
596.88 623.15 3481.95 0.42 
886.46 710.38 4606.87 0.35 
598.35 588.82 3557.53 0.37 
591.90 629.66 3671.34 0.11 
826.08 596.87 3527.30 0.32 
673.33 647.57 5786.10 0.36 
944.70 628.51 3331.03 0.30 
972.71 571.18 3578.39 0.42 
671.62 678.13 4316.32 0.26 
797.89 602.46 4840.29 0.35 
708.13 704.55 3012.43 0.52 
655.94 752.47 4042.34 0.45 
558.20 575.04 3608.48 0.29 
1104.29 724.34 3231.63 0.13 
901.02 633.57 4111.02 0.43 
768.06 1109.69 3244.89 0.42 
925.63 882.63 3747.84 0.41 
829.89 632.17 3988.88 0.41 
986.32 653.70 4493.41 0.51 
686.95 774.65 3566.94 0.23 
804.30 784.57 4174.40 0.52 
697.33 783.26 4847.72 0.35 
703.17 837.51 3063.98 0.49 
802.49 880.03 4197.81 0.34 
874.55 617.89 3497.24 0.29 
603.44 550.57 3645.14 0.61 
913.44 595.95 3380.19 0.37 
587.28 603.63 5154.67 0.58 
851.02 748.77 4717.21 0.34 
619.21 697.46 4766.16 0.56 
713.53 633.28 2660.60 0.50 
712.50 592.96 5116.43 0.44 
601.36 716.14 4371.61 0.43 
1022.29 879.63 3062.66 0.42 
541.56 827.14 3802.64 0.30 
597.21 618.37 3302.62 0.38 
957.29 746.01 3870.29 0.39 
