755.06 933.16 3830.59 0.41 
726.26 859.10 4470.83 0.33 
612.54 605.51 5172.72 0.36 
597.38 663.08 4675.60 0.38 
578.64 660.78 4838.56 0.24 
958.55 613.40 4231.50 0.34 
655.31 705.73 5029.93 0.39 
624.70 1062.35 4209.77 0.34 
862.58 695.96 2778.98 0.43 
717.14 619.01 3709.97 0.44 
543.37 583.24 4517.39 0.45 
576.12 777.23 3543.48 0.52 
810.92 677.43 3959.13 0.44 
661.86 795.36 3259.77 0.44 
621.20 717.07 4164.88 0.44 
729.28 817.24 4011.82 0.42 
912.80 636.27 2982.08 0.31 
832.01 736.29 4379.16 0.40 
820.48 566.37 4144.26 0.50 
733.39 894.24 4088.72 0.54 
959.06 545.07 4661.22 0.28 
689.64 823.26 5161.29 0.43 
579.80 702.93 4530.21 0.57 
541.82 972.81 3894.38 0.30 
808.60 820.38 4618.49 0.39 
588.10 545.52 3816.63 0.58 
564.47 798.07 4747.38 0.41 
976.13 590.30 4057.14 0.37 
783.61 564.02 3185.75 0.37 
649.15 673.13 4498.11 0.50 
674.06 674.37 2906.70 0.61 
721.35 565.75 3583.72 0.46 
541.13 714.99 3245.06 0.36 
686.62 610.07 4780.09 0.46 
638.73 686.52 3375.13 0.48 
748.70 625.02 3160.11 0.39 
924.96 674.23 3655.93 0.25 
709.48 738.62 2807.29 0.35 
646.34 551.47 4717.43 0.38 
710.82 1005.11 3897.82 0.42 
692.82 637.37 3294.90 0.33 
