790.55 601.74 5213.57 0.47 
585.42 656.24 2989.70 0.36 
827.41 681.75 4008.45 0.42 
757.52 923.01 3595.11 0.43 
556.90 959.16 3637.69 0.53 
828.50 750.51 4067.44 0.40 
791.48 676.94 3478.09 0.25 
600.81 703.73 3732.26 0.40 
839.54 790.10 4696.46 0.36 
672.75 564.08 3605.98 0.37 
759.00 936.27 5000.08 0.53 
679.26 601.31 3776.18 0.36 
776.79 697.08 3414.09 0.37 
542.19 822.68 3311.03 0.31 
753.38 675.80 4003.13 0.43 
815.32 881.14 4652.71 0.25 
543.06 877.28 3982.49 0.31 
609.03 546.05 2895.84 0.41 
927.30 652.96 5121.43 0.56 
650.07 726.44 3484.85 0.54 
805.23 712.56 3368.10 0.44 
552.40 552.31 4577.78 0.55 
681.55 575.63 4385.02 0.31 
618.88 555.67 3107.27 0.40 
874.99 630.44 3789.34 0.58 
663.14 818.79 3893.44 0.26 
631.87 781.87 3255.93 0.51 
715.37 630.24 3981.13 0.52 
737.44 653.26 4671.87 0.31 
1012.66 650.06 4319.25 0.39 
768.57 654.32 4368.30 0.44 
903.33 922.84 4242.40 0.30 
690.23 812.06 4791.93 0.39 
683.30 646.75 4120.23 0.34 
621.66 546.98 4727.26 0.29 
653.52 744.73 4212.40 0.39 
787.64 589.73 4604.10 0.37 
1074.20 583.67 5047.80 0.27 
601.48 783.77 2982.52 0.24 
699.88 652.45 4131.29 0.35 
899.92 703.22 4325.19 0.42 
812.65 736.68 3944.21 0.56 
841.68 722.14 4636.18 0.40 
552.90 873.74 3872.82 0.52 
690.36 636.23 3663.37 0.40 
572.00 567.89 3613.05 0.43 
809.59 712.39 4083.88 0.42 
960.97 811.48 5125.95 0.44 
597.87 869.41 4481.09 0.44 
636.92 693.51 4120.06 0.41 
611.08 657.51 3596.46 0.36 
704.27 769.96 4284.87 0.40 
592.84 668.40 5056.81 0.54 
716.21 587.54 3591.99 0.43 
802.63 678.73 3800.85 0.46 
825.91 1051.75 4544.97 0.34 
610.89 861.36 5135.28 0.47 
566.66 713.53 3795.69 0.37 
878.30 725.18 3352.29 0.29 
866.08 688.48 4135.11 0.40 
542.24 776.27 4106.57 0.36 
748.01 748.18 4131.63 0.39 
652.62 646.28 2768.76 0.40 
738.21 808.15 3606.41 0.32 
798.42 620.36 3237.15 0.29 
660.12 653.35 3245.15 0.36 
770.00 1106.51 3221.29 0.39 
777.38 820.52 3600.94 0.34 
660.33 669.65 3335.47 0.44 
1043.29 697.75 3224.82 0.40 
677.93 665.40 3731.38 0.46 
541.70 720.54 3394.24 0.40 
635.83 578.09 4751.47 0.47 
627.85 772.19 4405.42 0.46 
947.60 695.61 3627.97 0.33 
864.80 545.22 3490.19 0.38 
634.32 864.37 4192.25 0.37 
571.44 592.55 4641.65 0.42 
838.30 712.19 4445.81 0.40 
541.04 821.29 4631.96 0.34 
839.44 540.22 4089.73 0.42 
869.27 782.28 3710.51 0.33 
742.06 840.24 3290.39 0.40 
715.49 648.72 2309.58 0.48 
783.26 692.27 3770.92 0.42 
571.46 600.35 3779.23 0.30 
558.61 650.57 4453.83 0.53 
755.71 645.63 4390.51 0.59 
857.69 614.57 4029.60 0.34 
739.73 552.59 2351.47 0.41 
794.16 850.77 5086.73 0.44 
564.44 777.54 3514.18 0.37 
710.86 647.18 3012.38 0.42 
884.00 672.96 3583.79 0.41 
542.65 591.77 3971.29 0.45 
556.43 771.90 4907.89 0.35 
861.25 636.77 3838.27 0.26 
666.82 590.49 3660.51 0.41 
724.62 944.46 4454.15 0.50 
786.17 541.02 5216.76 0.44 
543.38 613.91 5312.46 0.52 
615.14 774.88 4110.05 0.45 
944.36 722.66 4178.30 0.39 
783.86 944.61 3897.43 0.36 
553.53 567.62 4688.20 0.60 
722.80 719.38 3711.07 0.44 
801.75 806.63 5429.56 0.12 
805.17 564.57 3543.02 0.37 
767.54 572.90 4822.17 0.28 
864.42 887.80 4171.03 0.18 
640.65 893.05 3751.93 0.53 
1221.76 572.79 4269.79 0.41 
613.84 606.52 4047.96 0.47 
732.38 724.34 4133.98 0.45 
1066.79 677.71 2828.20 0.49 
660.32 580.63 4103.70 0.52 
1114.05 685.92 4840.30 0.27 
946.88 636.00 3721.05 0.39 
763.09 552.22 3169.11 0.39 
696.94 683.76 2180.82 0.29 
833.33 764.83 5409.61 0.33 
700.65 837.06 3173.83 0.48 
835.61 575.69 2281.93 0.50 
624.20 638.97 4426.21 0.32 
871.44 698.91 3339.65 0.40 
615.22 1021.66 4884.18 0.29 
819.46 755.38 3839.40 0.45 
636.62 632.85 4038.95 0.34 
801.15 679.18 3471.56 0.44 
632.80 734.88 3938.82 0.39 
657.83 851.35 3895.75 0.23 
782.59 799.72 3344.17 0.47 
540.22 582.92 3910.50 0.47 
815.03 674.37 3950.95 0.47 
592.00 588.87 5334.48 0.24 
899.19 757.87 4897.18 0.56 
905.44 594.20 4797.97 0.32 
927.93 611.25 3171.02 0.47 
547.61 754.46 3476.73 0.22 
632.20 566.94 4794.63 0.38 
561.33 686.47 3946.02 0.25 
833.25 883.03 5442.28 0.57 
861.42 878.21 3480.59 0.26 
810.23 701.13 4035.05 0.33 
833.24 580.88 3348.22 0.44 
759.40 789.60 4211.62 0.35 
571.31 781.35 4027.60 0.52 
545.64 921.71 4494.64 0.42 
1211.60 834.76 4413.13 0.52 
837.02 611.87 4679.52 0.51 
658.47 632.48 4511.44 0.23 
676.93 720.44 3890.93 0.29 
966.50 642.86 4431.04 0.30 
643.02 976.97 3234.32 0.36 
771.76 651.04 2743.41 0.27 
682.17 789.53 3428.84 0.34 
792.11 789.58 4657.97 0.36 
810.77 652.00 2355.29 0.44 
959.40 752.72 3308.80 0.16 
867.23 635.59 4825.40 0.43 
1086.37 903.33 4552.30 0.56 
1071.20 588.58 3695.24 0.45 
621.96 619.73 4345.94 0.29 
786.26 720.27 4239.99 0.38 
669.04 661.26 4365.61 0.27 
776.51 555.15 5249.27 0.36 
854.93 865.04 3455.76 0.46 
1319.21 551.93 2727.27 0.25 
1017.63 787.61 4531.38 0.40 
902.37 704.85 2474.48 0.42 
551.47 873.13 3889.21 0.34 
717.25 588.74 3625.61 0.36 
660.20 773.62 3675.63 0.50 
870.59 880.06 3114.51 0.38 
1010.65 658.24 4564.62 0.27 
650.90 861.81 4418.82 0.49 
688.84 702.15 4626.17 0.43 
1004.10 879.95 4823.04 0.36 
643.42 620.66 2958.25 0.50 
593.77 641.03 5396.00 0.34 
585.76 1132.03 3030.56 0.25 
971.86 557.19 3691.84 0.40 
555.31 817.59 5056.37 0.37 
772.54 591.93 3898.20 0.52 
767.52 738.38 3708.73 0.34 
849.75 749.19 3531.65 0.53 
636.91 606.94 4192.35 0.38 
629.05 886.44 3831.61 0.51 
671.36 578.33 4259.79 0.37 
960.39 606.89 3757.70 0.34 
739.36 648.71 4581.41 0.38 
555.26 661.99 4106.40 0.27 
1333.14 865.90 3210.13 0.47 
685.63 629.66 4952.44 0.52 
684.46 548.72 4924.45 0.44 
750.86 848.89 3810.95 0.63 
557.12 590.88 4942.82 0.32 
615.48 715.88 3986.20 0.48 
851.05 610.17 3670.49 0.34 
595.57 641.77 3574.18 0.12 
735.87 815.35 3730.04 0.30 
