915.90 763.25 2630.11 0.52 
665.79 1072.76 4201.07 0.52 
721.14 1263.40 3729.03 0.29 
647.25 1064.58 4287.50 0.44 
933.61 557.42 3478.59 0.36 
649.77 856.93 3802.76 0.43 
989.63 817.41 2943.82 0.50 
761.52 842.67 3931.42 0.29 
1211.72 790.82 3859.06 0.36 
618.43 834.77 3887.54 0.48 
658.62 946.05 4049.63 0.55 
768.05 559.93 4035.51 0.52 
785.58 580.54 4736.78 0.40 
627.52 1061.10 4168.54 0.37 
654.87 663.57 3200.52 0.40 
859.61 1142.78 3426.69 0.46 
954.06 937.92 2841.10 0.48 
660.30 674.91 3681.75 0.33 
814.37 643.83 3639.34 0.56 
608.01 601.27 2946.57 0.46 
640.91 851.89 3324.39 0.41 
980.90 630.84 5302.67 0.30 
673.70 717.03 3602.87 0.31 
897.58 658.02 4307.94 0.38 
808.79 933.47 3712.19 0.48 
767.15 1275.20 5121.23 0.35 
648.97 675.31 3083.86 0.30 
923.99 586.84 5098.99 0.38 
644.19 824.00 3653.44 0.27 
594.19 900.48 2877.86 0.37 
605.57 1180.96 4394.28 0.38 
842.12 665.26 6225.05 0.34 
726.90 1167.38 2287.42 0.40 
755.74 791.98 4776.71 0.35 
912.42 827.91 3728.16 0.51 
668.45 624.19 4135.66 0.48 
599.35 878.56 2539.91 0.21 
885.65 576.24 4029.92 0.27 
754.53 690.19 4699.31 0.20 
1270.58 567.91 3989.88 0.31 
900.74 704.24 3815.77 0.28 
1230.00 1418.05 3688.57 0.20 
1001.15 635.20 3430.27 0.48 
737.85 677.27 2820.74 0.28 
1245.09 720.17 3916.09 0.52 
806.47 649.26 4211.04 0.39 
1097.50 556.97 3616.92 0.49 
640.37 540.92 3898.77 0.55 
638.27 1372.15 3079.33 0.43 
646.21 1169.57 3632.78 0.47 
847.15 1052.20 4617.74 0.55 
834.70 822.96 3478.61 0.44 
705.40 674.34 4267.63 0.28 
558.48 1405.59 4348.11 0.51 
661.38 849.60 3693.14 0.45 
791.03 943.80 3748.97 0.29 
707.39 828.56 4364.94 0.45 
775.02 1055.17 5410.14 0.24 
854.65 654.60 5139.33 0.45 
841.89 688.28 3372.53 0.35 
640.00 1138.93 3322.50 0.38 
822.27 1257.25 4677.52 0.39 
568.53 818.29 4636.10 0.42 
583.53 1198.68 4134.02 0.31 
1656.79 946.86 3340.43 0.43 
815.62 629.73 3445.31 0.37 
690.16 891.30 4490.34 0.35 
857.36 696.41 3005.13 0.31 
827.83 949.12 3588.31 0.29 
594.83 1052.49 3664.06 0.35 
564.46 559.67 3969.74 0.45 
