1321.23 582.42 4373.62 0.36 
1029.46 648.64 4060.18 0.40 
667.69 804.85 3438.60 0.30 
1167.80 693.34 3931.26 0.44 
1003.12 607.39 2736.36 0.31 
876.98 1017.60 3556.34 0.53 
874.39 835.48 2195.67 0.32 
1162.93 777.07 4529.37 0.58 
767.42 1045.01 4425.64 0.35 
819.55 652.83 3991.39 0.28 
568.52 634.17 4059.52 0.34 
935.92 560.23 4368.84 0.77 
546.11 724.90 4124.62 0.31 
903.64 646.13 4510.37 0.29 
1448.02 727.51 2911.70 0.59 
873.01 856.45 4195.91 0.42 
638.99 649.63 4361.32 0.35 
1202.19 603.50 4731.14 0.17 
999.52 1266.05 4090.41 0.40 
644.99 776.72 3779.13 0.53 
1074.27 1502.98 3768.71 0.32 
1526.93 616.21 4727.29 0.57 
913.72 793.83 2663.82 0.39 
839.61 793.44 3822.97 0.39 
675.28 712.95 4041.58 0.34 
589.61 656.03 5096.48 0.62 
1270.49 560.60 3682.94 0.44 
704.01 1072.93 4678.81 0.39 
700.98 905.06 4841.40 0.39 
1178.23 553.07 3103.44 0.40 
697.29 581.70 3289.35 0.38 
726.30 596.82 3882.85 0.45 
876.31 978.99 3743.09 0.47 
593.46 764.92 3661.84 0.21 
735.10 991.90 4790.18 0.29 
824.86 589.62 3550.52 0.51 
577.02 708.22 3173.96 0.38 
1074.17 1245.24 4614.53 0.35 
707.31 711.65 4022.58 0.41 
695.79 781.80 3130.31 0.59 
776.61 926.77 3759.76 0.41 
