826.27 696.04 3011.14 0.35 
1129.30 641.84 3653.96 0.49 
1117.49 558.27 3939.93 0.39 
739.26 945.14 4146.00 0.39 
955.59 676.69 4189.21 0.28 
689.74 601.38 5437.08 0.38 
863.87 1085.09 4191.20 0.59 
644.27 944.15 2870.36 0.29 
865.38 578.73 4029.28 0.25 
1151.93 1084.73 4431.17 0.44 
589.42 1086.38 4014.24 0.23 
698.98 836.28 4104.46 0.55 
764.56 813.88 4319.86 0.49 
945.74 1217.00 3077.53 0.41 
592.22 688.97 5552.54 0.46 
666.99 556.33 4169.18 0.40 
654.63 702.33 4076.60 0.40 
556.34 1473.41 3631.88 0.31 
630.83 881.89 2831.59 0.59 
1128.89 1546.82 3761.78 0.34 
835.97 901.97 3144.75 0.59 
543.95 686.24 4294.31 0.46 
643.97 1099.22 3351.21 0.47 
1455.64 779.12 3993.23 0.20 
746.84 1280.05 4377.00 0.30 
804.60 666.56 4405.95 0.55 
666.23 804.68 3343.40 0.37 
580.46 1110.46 4144.36 0.32 
579.24 1156.56 4845.31 0.28 
589.77 662.47 4672.43 0.59 
920.35 802.83 4237.05 0.49 
1564.62 642.51 3533.82 0.58 
884.83 742.58 4144.13 0.37 
1141.86 647.70 3458.20 0.34 
735.84 948.91 5425.61 0.60 
1184.72 716.38 4587.58 0.59 
745.76 556.64 4047.65 0.41 
762.32 955.57 4587.51 0.34 
587.56 1028.90 4623.14 0.46 
604.60 1428.71 3191.90 0.33 
907.80 578.18 4545.92 0.24 
641.55 602.06 4155.34 0.37 
553.35 857.25 3251.20 0.30 
1110.52 562.37 3387.91 0.27 
919.10 781.78 4287.75 0.38 
1479.50 961.90 3315.68 0.45 
887.76 943.38 4677.95 0.45 
883.13 744.29 2822.17 0.54 
909.98 1350.79 4766.43 0.72 
1016.06 1133.44 3020.41 0.29 
593.72 611.37 2650.79 0.32 
585.69 1722.11 4284.29 0.53 
1088.59 631.77 5035.13 0.51 
630.22 1014.49 4383.08 0.34 
898.23 744.89 3613.74 0.43 
712.19 588.42 3357.92 0.62 
713.10 648.86 4229.59 0.58 
572.60 808.53 4168.45 0.30 
822.06 993.64 3617.76 0.41 
551.26 560.80 3276.61 0.55 
588.34 843.33 4118.84 0.18 
726.93 738.54 3435.69 0.41 
1017.19 791.44 4732.00 0.44 
1029.35 656.53 4198.66 0.70 
810.28 1262.15 5620.56 0.35 
861.71 571.07 4153.92 0.32 
1556.71 760.07 4299.83 0.53 
849.02 870.23 2752.79 0.32 
853.23 886.25 3986.99 0.43 
857.40 1190.31 4284.09 0.60 
905.44 736.48 4770.45 0.32 
1020.00 685.55 4099.33 0.48 
927.06 675.92 3490.70 0.51 
867.90 848.15 3604.24 0.56 
839.20 551.22 4412.14 0.55 
684.73 1401.79 4932.83 0.42 
586.14 1167.30 4097.39 0.23 
672.83 754.87 5102.93 0.45 
1181.07 765.25 2861.79 0.54 
736.33 870.29 3527.51 0.49 
951.12 821.26 4002.55 0.42 
605.00 604.48 4422.35 0.26 
562.30 914.64 4301.56 0.60 
673.58 1164.64 3901.87 0.43 
944.70 1225.95 4404.96 0.38 
774.06 1217.51 4622.40 0.47 
847.52 1080.34 5437.35 0.40 
602.23 626.40 3600.16 0.56 
623.94 906.46 3780.04 0.20 
575.07 600.79 4220.52 0.41 
602.99 925.91 4647.51 0.32 
