926.05 1696.00 3971.13 0.48 
1254.83 913.03 4008.04 0.55 
668.77 785.98 3931.36 0.26 
621.41 673.95 4337.48 0.50 
690.07 592.90 3878.18 0.53 
635.53 762.32 3960.08 0.29 
814.91 613.73 2884.23 0.41 
643.04 797.01 3561.77 0.32 
1323.88 695.04 3449.80 0.48 
1177.01 636.14 3732.50 0.40 
547.24 1099.07 3939.97 0.31 
1214.14 922.30 4292.89 0.33 
794.39 1092.89 3977.49 0.24 
582.59 914.98 3986.90 0.46 
621.48 855.93 3814.99 0.37 
1689.42 1254.92 3251.19 0.50 
1168.95 1055.41 4727.70 0.44 
1102.75 942.00 4379.23 0.34 
640.37 825.55 3836.38 0.28 
1081.23 777.96 4353.33 0.47 
1127.97 629.90 3382.60 0.41 
1079.36 656.47 4305.76 0.74 
669.81 952.23 4186.97 0.66 
798.13 639.75 3994.44 0.40 
771.07 733.86 3580.65 0.55 
630.93 761.49 4719.09 0.45 
759.41 988.61 4632.67 0.52 
641.10 673.72 3500.71 0.41 
913.74 854.83 3895.13 0.40 
759.08 918.18 4211.92 0.43 
1018.74 652.01 4199.74 0.39 
873.52 560.36 3940.83 0.38 
1180.92 595.00 4520.19 0.29 
754.13 782.66 4466.96 0.39 
569.27 761.45 4103.44 0.37 
727.30 923.25 2702.54 0.42 
778.05 557.98 4093.71 0.58 
664.27 775.65 4093.81 0.26 
885.97 675.62 4963.73 0.37 
586.70 732.23 3804.50 0.46 
1010.62 880.81 5456.49 0.47 
1241.34 1112.63 2848.68 0.52 
645.87 1068.30 3452.21 0.56 
547.14 1122.50 3333.54 0.33 
664.84 859.02 3985.97 0.36 
664.80 646.01 3229.33 0.35 
709.66 762.91 4744.45 0.37 
1224.89 637.29 4333.37 0.38 
1200.26 940.18 4056.73 0.29 
931.11 677.95 3433.43 0.50 
898.79 573.13 3387.29 0.38 
799.77 659.84 4656.24 0.48 
941.34 1676.25 3423.89 0.37 
754.92 1113.67 3561.39 0.46 
929.00 613.97 3911.83 0.41 
726.79 731.28 3749.23 0.46 
1167.95 1858.12 4003.79 0.49 
1290.18 712.05 3711.36 0.32 
851.62 871.62 3495.21 0.30 
1137.68 1066.35 3743.67 0.34 
826.00 884.69 4340.85 0.39 
749.31 969.73 4631.00 0.33 
1567.44 786.87 5642.33 0.39 
866.04 1184.04 4581.06 0.45 
1067.47 615.96 4024.49 0.35 
924.10 1191.46 4660.58 0.22 
979.22 622.59 3954.40 0.40 
590.62 940.22 2946.39 0.27 
1071.72 863.98 4981.79 0.41 
702.89 735.71 2991.94 0.31 
848.44 918.62 2488.66 0.32 
1053.03 691.31 4596.62 0.39 
896.60 813.12 4462.61 0.37 
982.12 896.02 5012.17 0.50 
987.53 1394.65 5013.82 0.46 
757.31 711.59 4594.00 0.27 
871.06 820.17 3743.68 0.23 
554.57 612.28 3959.48 0.25 
713.61 674.91 4465.16 0.39 
833.25 854.60 4812.50 0.40 
638.48 675.42 5091.22 0.38 
588.82 579.66 3692.03 0.53 
556.87 1070.90 3941.97 0.35 
1419.44 642.77 4146.41 0.29 
586.79 587.22 4729.45 0.47 
635.92 605.19 3838.55 0.35 
644.28 602.93 3282.39 0.35 
823.83 678.73 3355.82 0.22 
893.38 816.91 5000.97 0.33 
762.35 589.97 2527.29 0.22 
610.54 698.75 3994.96 0.48 
935.36 1054.69 3956.96 0.46 
685.26 732.26 3830.78 0.43 
886.40 1000.68 4539.90 0.43 
951.04 554.00 3058.95 0.26 
718.83 765.80 4393.27 0.52 
609.73 752.81 3319.46 0.48 
632.29 933.44 4393.49 0.25 
698.82 710.56 3664.82 0.38 
761.26 1070.61 3731.72 0.44 
1056.46 1084.81 4212.38 0.42 
