899.51 881.63 4710.21 0.28 
1011.97 799.31 4035.77 0.22 
572.67 636.42 3878.31 0.49 
695.18 594.80 4677.32 0.42 
853.21 718.15 3868.54 0.20 
783.06 664.38 5022.04 0.38 
770.47 547.65 2833.75 0.40 
1115.98 629.57 4037.37 0.44 
822.41 1240.57 4154.62 0.43 
1490.41 656.27 3891.55 0.44 
674.96 1039.22 3730.09 0.37 
1584.50 776.08 5305.16 0.29 
550.51 727.23 2925.43 0.40 
1190.35 1066.47 3331.17 0.34 
745.01 543.32 4735.15 0.38 
1304.96 690.75 3202.71 0.28 
728.13 641.19 4532.84 0.24 
916.61 1277.63 3160.98 0.31 
984.24 639.26 3447.99 0.48 
868.54 677.14 4955.85 0.43 
708.39 1003.15 4200.25 0.26 
1269.04 980.71 3958.53 0.38 
1016.36 853.61 3543.47 0.29 
602.78 646.42 4173.76 0.40 
849.07 677.55 4196.07 0.59 
927.12 700.11 4250.41 0.38 
1112.57 887.35 2479.64 0.47 
949.47 744.91 3696.65 0.26 
578.72 887.79 1967.63 0.34 
912.55 827.79 4327.78 0.39 
630.05 559.86 3676.38 0.34 
991.81 561.07 3891.17 0.24 
1149.06 855.94 3656.29 0.42 
1190.55 802.29 2901.54 0.36 
828.03 1218.43 3906.89 0.38 
907.62 953.68 4932.95 0.28 
1327.35 616.67 3164.93 0.47 
1113.60 1059.88 3723.22 0.47 
709.39 590.68 3711.04 0.63 
694.69 895.19 3668.97 0.51 
678.46 807.23 4828.73 0.35 
682.38 956.55 4436.82 0.42 
634.50 611.93 3304.92 0.34 
678.06 1026.86 4240.42 0.37 
709.00 861.43 3896.29 0.52 
556.89 687.16 4889.95 0.44 
840.34 632.88 3918.40 0.31 
641.66 631.25 4151.50 0.38 
1368.74 591.34 4696.27 0.23 
811.77 834.90 3968.15 0.61 
1575.87 1018.64 3175.51 0.36 
895.53 610.61 4476.02 0.27 
967.56 581.20 3631.97 0.41 
668.62 1051.89 4367.66 0.41 
863.77 672.32 3469.81 0.39 
1485.15 1228.91 3499.12 0.46 
784.25 836.09 4605.35 0.60 
851.11 976.63 3417.10 0.54 
930.53 815.42 3520.01 0.43 
927.87 867.59 3958.98 0.25 
706.84 562.98 4064.77 0.41 
851.79 731.65 4558.34 0.42 
1433.11 1052.91 3485.16 0.42 
1036.42 1045.76 4798.07 0.40 
654.05 675.23 3181.27 0.49 
1232.89 909.16 4360.28 0.30 
1028.54 911.21 3512.73 0.46 
894.84 1006.07 4721.75 0.38 
1119.74 884.68 3741.08 0.46 
875.69 1025.05 4238.12 0.59 
1003.18 773.73 3266.69 0.30 
605.72 564.10 3853.73 0.25 
765.63 1080.59 4909.57 0.32 
763.24 586.38 4550.95 0.67 
1064.89 860.50 3911.56 0.49 
1101.27 621.38 4661.61 0.34 
895.98 649.91 4395.02 0.30 
876.60 745.51 4466.12 0.38 
1025.38 1259.09 3739.30 0.36 
610.81 715.81 3370.41 0.37 
557.79 849.37 3468.69 0.47 
932.13 968.23 4638.94 0.51 
1081.61 812.49 4810.88 0.28 
603.20 1111.84 3599.30 0.49 
761.58 1117.07 2760.78 0.46 
542.50 956.32 4579.35 0.39 
918.90 717.37 3974.98 0.39 
682.88 771.71 3990.66 0.33 
873.15 577.08 3863.10 0.41 
708.82 897.67 3791.81 0.46 
828.57 1071.15 2917.25 0.18 
660.58 844.15 4228.39 0.36 
787.63 653.74 3692.81 0.34 
1517.17 815.87 3432.69 0.24 
570.97 672.65 4140.17 0.32 
958.11 731.54 2781.09 0.27 
977.44 1371.46 4635.89 0.30 
1115.42 620.38 4010.36 0.47 
1126.40 566.55 3671.24 0.48 
854.63 1321.64 4219.80 0.39 
1078.12 759.86 4896.70 0.37 
877.43 759.77 4748.51 0.64 
556.01 1131.42 4410.02 0.42 
687.92 589.81 4346.51 0.29 
803.78 748.06 3454.38 0.66 
696.91 1422.27 4488.97 0.31 
843.22 654.17 5363.33 0.36 
589.99 870.85 3925.24 0.48 
784.79 1550.16 3510.69 0.50 
551.94 1018.86 3998.73 0.30 
689.54 846.71 4977.09 0.27 
728.89 1071.76 4791.40 0.51 
909.54 876.42 3316.74 0.48 
1090.02 831.78 3677.15 0.52 
799.26 603.76 3641.14 0.53 
1064.77 563.09 3778.73 0.44 
588.91 803.01 3853.39 0.56 
809.02 1077.80 3546.53 0.51 
710.92 965.45 4345.34 0.43 
1402.64 1007.70 3318.99 0.41 
950.20 931.55 3371.15 0.34 
871.21 768.96 4190.27 0.37 
900.23 1241.79 4240.60 0.30 
974.47 965.85 4751.25 0.40 
748.01 657.11 3035.66 0.35 
1108.72 589.51 3935.79 0.34 
609.81 977.13 3286.56 0.33 
805.14 787.42 3327.14 0.32 
722.87 672.12 4305.77 0.18 
751.52 590.24 4019.62 0.35 
904.87 1118.43 4520.63 0.37 
608.22 817.97 3716.29 0.38 
885.55 601.43 4319.21 0.54 
606.59 1050.99 4689.93 0.47 
1388.37 616.38 3969.00 0.37 
1012.76 813.15 2982.80 0.41 
639.82 644.33 3979.94 0.50 
994.08 669.88 3832.52 0.21 
845.19 882.66 3655.64 0.21 
932.03 657.13 4144.70 0.41 
608.97 792.31 3046.01 0.55 
764.53 847.70 2666.83 0.31 
944.66 1163.26 3712.60 0.19 
788.02 1498.73 3345.74 0.27 
660.66 715.12 4716.61 0.26 
1454.86 853.33 4016.10 0.61 
986.52 1032.79 3373.14 0.29 
1088.29 791.53 4470.77 0.36 
905.63 930.14 4137.33 0.41 
856.72 1250.60 3530.35 0.58 
1056.59 864.70 5045.28 0.26 
618.03 944.61 4809.45 0.32 
736.16 624.31 3750.70 0.38 
1295.57 709.43 4702.35 0.35 
725.73 680.16 3330.84 0.54 
1305.54 947.88 5195.97 0.45 
772.51 705.38 3744.63 0.47 
1027.43 916.24 3744.34 0.40 
1073.82 924.47 4189.00 0.62 
798.74 620.49 4575.51 0.23 
898.29 653.60 4360.22 0.43 
847.51 1401.77 3741.05 0.40 
962.73 624.95 3304.42 0.45 
851.49 739.15 4230.93 0.38 
1113.14 628.70 3962.07 0.27 
824.12 700.29 4774.76 0.24 
605.83 926.44 4183.30 0.46 
767.22 697.86 3691.87 0.40 
840.20 712.35 4151.74 0.30 
653.71 561.51 3381.63 0.54 
843.66 1036.40 4368.24 0.50 
547.85 706.32 4858.77 0.30 
633.42 1272.25 3290.81 0.41 
706.73 1343.61 3157.12 0.53 
1088.23 1216.60 3403.60 0.39 
745.11 757.09 4040.02 0.37 
926.17 1208.74 4333.89 0.35 
1030.18 1001.45 2935.42 0.54 
941.19 605.50 4834.88 0.37 
628.24 548.67 4101.07 0.39 
946.93 658.07 4259.58 0.34 
810.93 619.98 3671.08 0.49 
739.96 781.40 3357.74 0.44 
951.49 921.80 3632.63 0.37 
1420.06 944.38 3365.44 0.46 
709.32 1076.73 4209.92 0.41 
1186.06 576.63 3547.55 0.38 
827.06 1195.32 4714.42 0.39 
617.81 687.35 4235.95 0.51 
956.75 810.64 4149.62 0.39 
943.86 1164.87 3973.11 0.46 
788.07 728.66 4751.49 0.47 
691.07 966.54 4110.68 0.37 
722.53 561.92 4468.63 0.38 
685.30 648.37 2782.95 0.26 
792.89 735.83 4778.05 0.45 
1008.26 841.37 3492.63 0.39 
728.35 1050.10 3988.92 0.34 
670.82 1216.83 4308.39 0.49 
629.84 1562.52 5029.98 0.42 
1206.83 630.91 3180.87 0.45 
