727.82 1038.55 2949.78 0.47 
894.18 854.59 4369.49 0.44 
970.58 1059.97 3579.70 0.33 
819.51 1332.99 3842.75 0.25 
648.23 710.46 4431.26 0.46 
844.58 875.29 4086.68 0.14 
773.72 928.96 4396.44 0.53 
597.39 1339.08 4176.95 0.25 
784.82 1184.26 4474.35 0.40 
1417.20 926.77 5396.93 0.31 
575.99 669.96 3036.12 0.36 
918.98 902.49 4167.72 0.48 
941.31 604.47 2456.04 0.18 
885.74 1404.15 5327.23 0.47 
893.61 1096.84 3374.37 0.45 
802.15 962.81 4464.56 0.39 
782.92 982.79 3922.17 0.45 
759.95 1031.95 3771.86 0.47 
935.47 584.66 4092.23 0.24 
734.47 544.41 3709.54 0.38 
810.17 1035.16 4554.18 0.50 
873.69 1063.44 3792.45 0.36 
819.50 549.77 3810.01 0.41 
728.59 783.26 3413.93 0.26 
1090.78 823.40 3526.49 0.28 
692.56 586.25 2570.69 0.31 
886.12 1204.05 4652.04 0.43 
614.73 672.47 4011.61 0.42 
1167.71 896.58 3541.55 0.54 
1232.92 597.65 4331.32 0.52 
756.42 991.43 4575.85 0.27 
627.47 700.98 3628.21 0.43 
757.01 547.37 3684.85 0.43 
787.12 680.81 3416.08 0.54 
1014.84 628.92 3908.55 0.32 
726.97 643.91 3971.80 0.44 
545.20 638.37 3499.78 0.39 
636.80 643.39 4522.88 0.42 
640.78 839.16 4454.29 0.30 
594.44 606.30 3985.97 0.50 
690.87 824.19 4809.79 0.51 
736.44 575.68 4910.69 0.43 
1005.89 739.30 3921.13 0.58 
657.33 585.78 4550.57 0.32 
894.57 947.51 4469.73 0.43 
750.55 885.72 4427.28 0.53 
788.24 1283.01 4364.16 0.27 
1082.50 954.16 2463.76 0.56 
789.03 966.67 3928.79 0.44 
555.70 722.95 3189.72 0.42 
582.41 1006.21 3177.70 0.52 
802.85 998.43 3264.30 0.59 
688.30 721.16 2895.04 0.40 
990.53 1024.85 4226.57 0.37 
811.99 557.28 4434.46 0.51 
690.83 827.83 5799.74 0.35 
667.90 821.60 4576.71 0.29 
683.41 727.18 3549.75 0.37 
782.32 681.08 3720.17 0.39 
864.96 843.27 4551.53 0.42 
852.43 1076.31 5497.85 0.39 
678.53 724.49 4856.01 0.23 
991.05 881.03 3387.37 0.30 
779.65 712.89 3539.31 0.30 
686.16 717.52 3435.06 0.33 
572.50 1041.20 5483.04 0.49 
773.93 544.57 3154.41 0.40 
700.42 818.69 4125.41 0.42 
838.36 624.44 4160.80 0.32 
826.59 928.33 4099.05 0.29 
1014.96 568.88 2715.87 0.45 
885.91 780.74 4177.74 0.35 
685.74 1168.85 2735.99 0.37 
763.37 814.28 3948.72 0.30 
1086.30 1152.62 2855.90 0.53 
592.99 639.34 4653.87 0.44 
973.90 1270.00 4125.87 0.31 
910.14 828.74 4544.87 0.42 
546.67 675.10 4992.85 0.36 
1277.34 1076.46 3515.18 0.54 
558.37 629.99 4427.96 0.37 
947.32 1283.77 4301.56 0.54 
1328.16 748.22 4505.75 0.54 
1062.04 641.11 3928.03 0.38 
607.15 1431.14 4651.83 0.34 
676.47 1171.57 3847.65 0.24 
1200.89 1019.51 4735.45 0.48 
766.84 864.58 3468.07 0.30 
913.24 842.15 4147.71 0.54 
969.90 899.29 4339.04 0.33 
607.08 647.58 2927.59 0.33 
683.83 908.97 3453.71 0.47 
629.26 627.54 3714.85 0.31 
788.68 617.85 4403.05 0.49 
1305.71 624.93 3781.95 0.32 
644.77 565.64 3561.53 0.54 
795.17 595.53 4000.44 0.50 
1254.15 619.55 4370.04 0.22 
596.04 758.83 4258.32 0.50 
585.30 976.66 3596.00 0.55 
1168.48 685.74 3854.01 0.55 
572.58 854.01 4650.14 0.36 
623.88 1234.99 4202.31 0.32 
599.20 757.16 5378.56 0.37 
901.72 849.54 4298.70 0.57 
563.23 717.63 4612.56 0.29 
928.37 598.65 4573.65 0.30 
986.99 650.77 3964.08 0.28 
1097.00 747.87 4446.56 0.55 
544.22 623.17 2697.15 0.36 
1194.46 993.18 3973.77 0.41 
900.34 730.10 2916.18 0.27 
925.09 560.33 4993.42 0.37 
1037.18 788.46 3988.53 0.42 
840.80 654.31 3087.63 0.30 
685.58 1257.35 4736.34 0.55 
657.63 634.33 2941.36 0.35 
1095.65 604.58 5025.80 0.39 
620.94 600.12 3531.89 0.35 
711.41 720.91 3611.78 0.34 
742.35 799.35 4263.02 0.48 
755.59 1193.53 4729.57 0.41 
1120.33 866.88 5017.74 0.40 
606.43 1137.01 3468.50 0.52 
546.96 933.97 5092.97 0.19 
847.96 736.54 4295.03 0.30 
632.44 622.87 3790.74 0.38 
762.25 644.13 3260.13 0.49 
1154.68 687.34 3788.97 0.13 
894.57 562.25 4500.39 0.40 
611.99 818.76 4616.21 0.35 
720.80 796.98 4296.56 0.37 
638.56 915.19 4715.29 0.47 
737.65 1025.60 4332.78 0.46 
1038.19 628.59 3281.34 0.40 
679.99 724.84 3714.52 0.44 
1033.31 1185.26 3136.97 0.37 
891.33 842.40 4664.06 0.68 
564.53 551.05 3827.12 0.33 
1131.40 1055.04 3242.32 0.48 
828.14 789.89 4263.78 0.49 
1151.54 678.58 4322.92 0.41 
676.90 635.12 3229.87 0.19 
863.25 1001.59 5097.75 0.47 
748.33 842.66 4316.43 0.54 
650.68 877.43 4793.17 0.45 
1079.05 766.69 3572.39 0.47 
981.20 819.46 4211.70 0.29 
718.95 1506.06 3775.60 0.26 
1102.55 1099.80 4010.56 0.39 
587.63 645.82 3834.90 0.34 
