960.91 542.01 3242.11 0.43 
589.34 687.31 3570.77 0.39 
875.30 1174.38 4636.57 0.38 
1004.14 928.11 4896.94 0.32 
636.42 716.19 4067.12 0.44 
571.76 868.36 4355.06 0.49 
581.44 924.20 4818.39 0.31 
857.11 760.02 2414.08 0.49 
891.69 892.34 4155.79 0.57 
1175.69 815.08 4097.66 0.53 
622.55 543.46 3614.57 0.34 
1007.41 652.31 2744.73 0.38 
942.51 863.20 4035.99 0.36 
633.71 809.83 3948.19 0.57 
794.45 619.16 3996.21 0.44 
818.57 708.09 3565.98 0.33 
774.62 821.60 4542.70 0.39 
761.57 729.39 3455.39 0.43 
569.56 673.04 3383.65 0.32 
754.42 904.09 4499.48 0.29 
1294.26 854.18 4282.52 0.44 
830.23 1010.36 5186.24 0.56 
870.48 979.04 4049.74 0.58 
561.95 594.56 3816.83 0.36 
569.51 650.63 3610.79 0.46 
915.98 1290.19 3480.85 0.47 
585.53 607.28 3350.79 0.39 
732.79 604.18 5081.72 0.45 
585.63 624.32 4382.03 0.32 
919.30 974.28 4516.21 0.49 
690.19 781.64 4036.73 0.22 
820.87 1370.72 4170.16 0.52 
829.76 932.33 3968.97 0.43 
815.69 561.91 4163.59 0.35 
585.85 973.18 4433.53 0.45 
869.25 1071.36 4165.79 0.39 
696.22 1334.17 4366.81 0.28 
890.30 562.28 4275.93 0.50 
835.94 684.08 4536.77 0.35 
981.15 904.72 4005.64 0.51 
903.18 1044.30 4927.51 0.40 
565.84 1001.97 3847.96 0.40 
721.89 703.95 4477.80 0.44 
669.50 704.18 4586.53 0.53 
753.93 621.50 3700.04 0.38 
1110.07 602.69 4537.25 0.46 
1055.57 832.50 4037.46 0.37 
1046.85 900.27 3862.44 0.53 
770.04 593.43 2972.74 0.30 
582.81 717.01 4266.00 0.40 
566.93 1026.70 5399.36 0.44 
612.11 679.82 4344.43 0.69 
586.93 856.69 4301.81 0.34 
623.12 584.87 4340.80 0.47 
710.57 575.12 3928.47 0.33 
1002.56 901.16 3305.98 0.48 
881.57 1144.22 2283.28 0.32 
972.40 703.23 3068.15 0.48 
1029.96 651.12 4491.55 0.51 
744.33 571.05 4350.69 0.20 
715.46 719.99 3895.46 0.51 
839.08 706.94 4737.21 0.50 
669.86 744.26 4702.56 0.49 
811.83 740.46 5467.30 0.40 
720.72 693.57 4707.61 0.33 
889.79 1247.28 4424.04 0.41 
644.08 746.22 3370.57 0.39 
846.12 653.91 4380.90 0.21 
1015.18 1222.22 3580.00 0.28 
1221.75 705.68 3799.93 0.30 
1416.83 695.00 3836.68 0.53 
905.73 866.63 4473.06 0.37 
720.51 752.79 4016.06 0.39 
654.33 654.77 4192.10 0.31 
902.37 899.89 4750.95 0.37 
714.37 693.40 4067.83 0.24 
655.13 737.21 3895.49 0.45 
930.78 979.60 4639.81 0.32 
629.98 910.03 4629.93 0.40 
658.09 694.82 3645.96 0.32 
873.24 658.80 2649.94 0.47 
