681.81 603.41 3889.36 0.59 
932.58 1178.19 3800.61 0.35 
925.01 571.55 4267.21 0.39 
600.00 1230.19 3828.28 0.56 
602.84 864.61 2812.26 0.37 
559.85 1124.03 3126.25 0.20 
1210.21 1158.20 2936.75 0.30 
729.79 917.13 3432.11 0.36 
900.75 1257.77 3714.30 0.49 
1142.33 1105.15 3213.02 0.48 
1040.27 851.81 4008.84 0.46 
1147.89 810.44 4273.34 0.42 
734.01 703.33 4511.62 0.31 
588.27 747.32 3991.83 0.41 
646.47 654.48 3339.87 0.46 
897.33 780.38 3015.59 0.38 
890.86 984.01 5041.25 0.41 
1071.25 836.61 3802.81 0.38 
715.76 765.23 5167.11 0.37 
675.43 754.77 3763.28 0.63 
643.80 632.46 3055.00 0.40 
1101.24 615.80 3016.56 0.46 
1226.89 1117.16 4039.74 0.42 
604.26 795.71 5022.87 0.31 
759.02 588.09 4472.09 0.45 
712.86 736.19 4732.59 0.46 
749.29 722.07 3237.40 0.23 
779.93 853.00 3744.43 0.62 
773.21 791.35 4806.05 0.52 
1000.78 1032.89 4439.48 0.46 
545.53 674.96 3803.89 0.41 
