869.34 706.43 3453.58 0.49 
827.70 575.51 3496.16 0.28 
678.37 544.10 4605.01 0.29 
626.20 590.32 4361.99 0.32 
1056.70 643.29 4439.36 0.33 
696.95 994.23 3985.84 0.50 
1000.53 584.09 4492.44 0.15 
772.85 937.85 4804.50 0.47 
621.33 594.83 3736.28 0.28 
720.91 951.05 3110.20 0.52 
893.92 670.94 2807.45 0.48 
810.59 794.21 3277.41 0.37 
626.62 1188.38 2901.65 0.29 
716.80 761.05 4718.54 0.59 
648.73 581.28 2542.21 0.37 
614.00 809.01 4688.43 0.48 
649.37 573.48 4031.75 0.44 
606.23 693.20 4050.00 0.48 
755.46 1000.90 3298.09 0.48 
801.43 831.85 4751.07 0.48 
922.19 662.50 3578.69 0.73 
