588.36 331.27 0.01 5232.81
406.50 867.22 0.28 1750.77
97.56 586.24 0.15 7190.93
922.28 165.07 0.23 6913.17
478.27 56.78 0.10 7117.63
375.10 210.76 0.21 3579.07
876.32 429.44 0.27 1999.98
554.49 768.61 0.30 2060.72
438.70 184.73 0.18 6357.29
328.54 575.40 0.38 3561.63
708.41 896.26 0.01 5678.32
239.23 787.73 0.49 2712.37
908.63 943.08 0.11 5191.92
59.70 613.25 0.13 2367.47
242.14 267.27 0.12 3188.43
17.29 168.56 0.08 2325.73
55.57 991.45 0.20 2283.68
229.19 400.76 0.18 2778.95
339.77 83.30 0.18 2769.07
329.45 930.38 0.19 6161.40
912.36 106.61 0.19 3442.18
42.06 189.59 0.30 2313.93
719.59 10.86 0.27 7261.76
953.27 646.88 0.32 4124.89
144.22 230.87 0.31 3412.48
596.56 156.90 0.09 6206.38
313.30 674.04 0.24 5920.87
489.76 931.25 0.39 6310.35
197.66 329.42 0.21 5985.09
513.91 248.33 0.20 7305.27
932.30 409.30 0.38 3044.55
450.64 934.31 0.16 5984.38
304.51 153.34 0.34 6587.67
740.16 575.47 0.34 2378.92
745.32 528.48 0.16 2342.78
964.60 518.73 0.08 2092.52
109.05 107.48 0.20 3662.85
80.20 433.96 0.01 7174.37
327.12 462.95 0.21 7918.02
563.43 143.72 0.21 7507.89
10.79 223.79 0.24 4128.85
75.82 495.43 0.05 7397.39
884.05 98.28 0.01 5161.95
618.88 948.60 0.16 2495.40
945.04 366.12 0.18 7794.39
907.09 746.61 0.31 2214.68
332.82 935.11 0.19 4948.48
302.21 869.87 0.30 7958.58
860.11 937.45 0.16 6510.48
655.50 726.67 0.27 7125.98
723.03 495.27 0.16 2414.24
892.86 830.09 0.17 6891.42
507.97 784.59 0.27 6348.84
343.01 308.39 0.09 4659.56
632.83 259.86 0.23 5252.15
955.34 181.72 0.23 6902.28
627.43 340.93 0.18 2840.46
790.96 778.78 0.30 3181.66
98.73 429.84 0.08 6509.60
944.83 62.55 0.43 7625.74
133.78 90.30 0.21 2078.48
880.57 965.15 0.17 5087.04
679.45 342.74 0.25 3564.95
162.21 602.85 0.31 2894.81
14.31 648.15 0.23 7911.70
569.84 519.09 0.21 5147.37
304.04 128.35 0.21 5693.91
310.40 751.35 0.36 4390.76
911.63 96.50 0.17 7364.85
403.39 614.28 0.14 5034.37
81.83 97.25 0.10 3132.31
586.06 592.96 0.21 4868.06
671.82 629.46 0.34 4284.44
972.85 21.54 0.22 5814.67
665.62 463.08 0.24 2250.07
901.44 556.63 0.30 2174.09
971.14 722.91 0.21 5581.91
857.14 42.18 0.28 1588.27
517.87 262.05 0.14 3749.65
410.56 60.35 0.22 7057.93
718.35 637.34 0.31 5445.08
486.87 963.73 0.33 3885.88
488.79 922.86 0.19 2829.18
534.67 302.40 0.17 5840.11
755.04 936.10 0.34 1921.78
75.03 960.91 0.21 5657.32
304.99 870.98 0.24 6595.86
130.79 150.38 0.14 4756.63
745.83 442.24 0.06 2610.30
150.32 598.81 0.16 6761.16
107.44 643.07 0.26 1665.67
195.60 687.30 0.27 6918.62
714.82 651.57 0.20 6444.04
436.59 143.37 0.21 4433.77
973.02 485.11 0.31 5529.37
64.27 524.20 0.33 5958.77
141.71 414.68 0.17 5693.45
721.36 792.84 0.26 6560.45
512.10 115.52 0.26 5280.14
224.37 68.55 0.33 4938.60
