373.10 965.51 0.21 4019.37
59.39 310.08 0.22 6642.09
742.17 267.64 0.21 5328.77
42.87 172.29 0.22 6177.75
309.57 960.10 0.25 2289.70
637.64 199.59 0.04 3095.21
742.67 681.53 0.22 7698.83
304.64 117.01 0.18 1738.91
844.43 572.07 0.03 6743.51
739.79 196.27 0.25 1963.10
869.38 359.47 0.14 6800.91
386.22 970.43 0.19 7640.93
299.49 514.56 0.19 4842.10
939.42 623.89 0.24 6326.19
766.43 882.34 0.07 7976.36
846.60 601.76 0.25 7445.88
910.96 296.12 0.05 2583.14
383.30 506.68 0.18 2474.49
438.95 525.36 0.14 3162.18
913.47 546.48 0.27 2796.76
845.92 776.80 0.21 6159.15
343.01 883.06 0.20 7038.91
798.50 349.64 0.34 4017.66
83.84 717.04 0.33 6159.35
858.68 628.30 0.18 3768.94
157.73 556.02 0.21 4270.72
435.91 761.59 0.29 4299.61
68.04 183.96 0.12 6240.35
575.80 211.43 0.21 5502.29
180.18 994.74 0.31 5538.84
818.30 403.86 0.29 2448.87
318.95 294.87 0.28 7535.16
802.01 409.21 0.28 7550.59
630.39 609.65 0.32 6379.07
771.99 231.21 0.34 2366.57
462.01 106.72 0.11 5536.53
355.54 824.75 0.23 6802.72
490.77 720.25 0.10 4807.21
224.67 581.80 0.25 3435.04
736.61 483.21 0.21 7859.28
306.92 283.39 0.39 1740.57
788.08 721.25 0.28 1501.78
639.21 270.70 0.16 7795.34
173.26 206.34 0.28 2331.42
414.36 968.25 0.23 7317.67
94.64 121.89 0.11 2540.99
288.26 274.54 0.04 6441.95
951.85 399.95 0.26 3845.06
660.86 797.63 0.04 2237.12
98.82 772.73 0.31 2417.02
141.48 272.10 0.28 3875.37
801.73 862.31 0.35 4621.66
934.52 491.43 0.04 6233.24
898.94 59.60 0.28 2153.44
261.74 480.95 0.23 4002.81
922.45 303.31 0.13 6812.42
762.79 89.10 0.31 7407.82
849.68 60.04 0.13 5788.76
251.62 897.65 0.16 1678.87
764.02 441.53 0.20 5198.89
114.63 524.97 0.12 7559.38
99.62 995.46 0.33 4643.71
604.73 780.92 0.14 3777.01
246.93 693.49 0.22 4728.66
611.32 42.35 0.09 4166.40
721.46 265.21 0.03 4007.73
257.02 984.10 0.22 4083.81
643.76 208.38 0.15 5684.93
333.21 166.26 0.07 7929.02
873.22 1.77 0.19 2404.29
672.32 556.12 0.30 4815.22
710.65 292.01 0.19 3279.63
231.08 129.44 0.19 7690.00
938.43 87.31 0.19 1845.04
807.79 974.20 0.11 4594.59
348.17 542.23 0.23 3185.10
819.51 757.37 0.15 3929.27
118.65 464.00 0.10 4776.35
717.25 546.64 0.08 7701.20
641.70 25.81 0.21 4920.22
475.74 951.22 0.34 6166.28
234.78 247.11 0.15 4610.70
466.27 167.52 0.26 3791.23
193.08 552.33 0.09 5206.73
851.57 130.84 0.14 2997.31
784.86 376.74 0.17 3361.49
647.14 937.38 0.33 1901.32
665.99 790.78 0.14 5461.32
161.80 269.06 0.05 5052.13
20.04 477.47 0.24 3326.35
427.41 500.53 0.25 7754.42
588.99 19.24 0.21 4410.90
764.69 14.01 0.23 3639.74
856.48 14.07 0.22 3774.41
751.94 591.72 0.26 3276.20
158.51 506.82 0.19 4043.44
644.53 830.56 0.31 1970.44
308.35 311.82 0.18 4770.03
64.98 156.89 0.14 5090.36
22.97 691.37 0.19 4103.14
825.10 883.38 0.14 2816.66
735.25 711.69 0.25 4707.42
475.19 687.16 0.02 7768.27
593.70 357.65 0.26 4223.60
8.62 351.98 0.20 4072.64
174.25 59.15 0.22 5713.31
991.42 646.55 0.17 3326.67
228.46 357.57 0.30 7791.75
162.72 716.66 0.12 7743.36
589.86 964.51 0.29 1958.02
608.49 258.77 0.37 7997.89
686.17 581.53 0.24 5010.29
729.95 566.75 0.08 6739.88
962.69 958.06 0.05 3637.44
219.24 412.61 0.21 3836.46
231.74 308.47 0.05 2833.41
593.92 498.70 0.14 6159.05
550.52 436.74 0.18 3802.46
463.14 755.10 0.20 7065.99
922.39 20.77 0.19 5720.35
163.12 775.67 0.18 3476.54
916.34 514.87 0.18 3399.81
208.69 43.68 0.29 3896.02
191.34 515.23 0.31 1826.74
969.13 94.85 0.18 3601.07
99.31 10.30 0.18 6301.14
577.68 510.49 0.37 1508.35
501.45 191.55 0.24 3975.23
108.40 66.18 0.18 6952.49
43.48 65.51 0.07 5352.40
496.03 38.04 0.28 2003.11
949.21 962.69 0.35 2496.37
814.64 737.79 0.20 6368.67
8.58 911.87 0.13 6320.72
560.31 766.10 0.12 6513.02
110.90 966.32 0.29 7323.39
715.42 770.08 0.30 7727.49
573.79 828.44 0.15 6964.20
261.96 117.23 0.32 7953.89
112.92 908.64 0.40 1829.53
979.35 257.98 0.17 6026.32
456.14 190.44 0.12 6363.75
702.69 841.44 0.35 5063.51
385.25 470.17 0.19 4150.47
48.70 25.44 0.09 2897.25
556.84 657.76 0.16 4178.16
404.86 572.80 0.15 7382.25
643.40 350.67 0.24 6349.15
56.66 544.31 0.28 5412.81
523.49 660.06 0.04 7141.37
