532.04 887.69 0.07 5951.45
146.06 552.79 0.39 5763.08
157.04 800.69 0.20 4369.68
577.29 914.78 0.36 5747.44
376.22 21.65 0.20 6441.81
519.16 433.41 0.17 4579.66
334.75 979.29 0.12 5976.44
108.73 741.96 0.26 3911.95
890.52 920.82 0.27 3369.97
132.90 676.69 0.13 7566.91
112.41 202.02 0.19 5646.23
441.35 410.41 0.37 2378.96
119.31 123.23 0.30 6291.83
841.58 73.70 0.17 5238.93
866.49 200.17 0.29 3673.00
302.30 493.82 0.11 6770.98
501.83 530.84 0.13 2785.66
812.15 162.42 0.13 3288.67
154.36 127.01 0.01 4713.27
169.53 423.33 0.33 4531.84
