515.20 975.43 0.16 2404.20
547.05 448.25 0.22 2759.35
711.54 780.89 0.28 5635.22
657.41 244.85 0.25 6323.54
573.49 68.42 0.38 4425.31
312.61 460.87 0.23 5578.57
358.98 70.47 0.27 6640.61
525.10 621.01 0.23 7900.61
30.70 535.47 0.11 3802.54
503.04 265.29 0.25 7807.32
875.93 901.31 0.14 4232.32
231.33 131.12 0.24 5265.57
572.74 955.01 0.24 7529.56
859.81 446.00 0.23 6847.94
118.27 242.51 0.19 6262.74
912.99 95.57 0.27 7349.59
65.89 392.95 0.16 4569.80
649.43 419.12 0.07 3498.99
389.79 832.75 0.11 7008.52
153.64 883.86 0.37 6500.61
873.92 665.98 0.36 5997.76
684.43 220.07 0.15 1812.96
900.30 777.77 0.16 2406.65
951.51 266.87 0.33 3679.78
296.18 597.25 0.06 6798.17
271.69 180.51 0.18 4964.72
841.75 657.51 0.32 5622.13
884.75 61.02 0.04 3574.30
862.30 676.89 0.02 3167.18
498.23 187.50 0.17 2266.45
854.31 208.09 0.12 7335.72
598.24 154.89 0.15 2062.38
135.32 569.91 0.12 4342.08
278.08 764.92 0.08 6332.55
245.14 631.92 0.29 2396.75
737.36 577.40 0.26 4543.62
993.01 539.90 0.18 7918.49
766.89 205.49 0.14 3337.30
280.08 862.53 0.12 5335.12
61.27 85.63 0.19 7025.74
