503.75 790.06 0.27 2349.18
652.36 129.47 0.02 1878.83
192.04 952.44 0.19 3076.39
542.53 920.44 0.19 2426.48
415.78 204.03 0.39 6459.53
712.74 950.46 0.18 3231.71
517.39 939.21 0.07 4876.87
482.88 306.01 0.11 6578.93
358.94 579.96 0.20 5434.82
957.19 255.69 0.26 6028.15
296.51 516.13 0.06 5482.85
390.18 592.87 0.30 1819.26
54.95 779.67 0.06 7676.40
992.17 988.23 0.16 2198.43
856.31 696.23 0.14 5609.70
748.82 130.64 0.26 2720.32
334.77 538.39 0.20 7228.82
810.11 881.56 0.21 1915.50
389.61 232.63 0.16 3696.03
764.39 968.01 0.02 5582.18
604.05 64.00 0.14 7785.46
376.60 240.58 0.28 2709.85
96.58 874.92 0.25 7650.30
675.66 517.67 0.29 7006.34
853.04 554.10 0.20 4365.25
39.41 801.89 0.47 7316.33
102.52 943.38 0.08 6621.66
219.39 28.38 0.05 2918.57
686.72 651.49 0.38 5692.56
404.87 779.96 0.12 6465.15
403.21 279.70 0.05 5987.83
228.13 915.78 0.22 7918.17
518.45 345.99 0.06 3032.65
423.75 818.52 0.19 7554.10
874.62 932.48 0.24 6724.88
236.81 60.41 0.19 4161.60
29.26 651.69 0.24 7217.41
656.21 760.98 0.25 2574.11
370.63 485.19 0.31 3652.10
722.56 261.06 0.16 2431.00
62.44 323.55 0.09 5914.06
495.24 915.56 0.12 5958.97
287.25 894.03 0.23 3381.58
718.51 746.72 0.21 1576.15
119.01 677.47 0.22 2593.61
534.91 260.86 0.23 4437.58
232.92 480.00 0.19 2655.14
520.49 609.92 0.20 7137.87
878.32 830.45 0.18 6718.89
749.82 618.40 0.08 7394.04
844.81 279.03 0.16 5614.06
792.22 252.16 0.07 4539.93
456.67 280.09 0.24 6814.43
15.84 262.55 0.20 1517.19
400.36 761.23 0.21 7812.07
507.35 859.18 0.24 6132.51
703.88 765.07 0.22 5638.28
273.22 840.78 0.11 3631.99
177.65 856.26 0.11 2704.77
611.95 459.05 0.26 4192.33
901.29 526.35 0.31 4635.60
790.23 179.05 0.31 7618.20
218.33 664.05 0.18 7327.83
81.84 260.59 0.11 5378.27
717.11 942.52 0.29 5020.14
677.87 885.13 0.28 5436.09
537.30 579.09 0.09 2429.09
900.74 427.94 0.04 6518.79
47.63 388.88 0.18 2621.41
103.68 349.50 0.02 7535.58
