743.28 750.96 3415.26 0.47 
60.22 637.61 3853.13 0.51 
560.85 304.56 4305.62 0.43 
124.61 158.15 3822.55 0.48 
582.76 965.78 4139.84 0.39 
105.89 446.71 4203.07 0.33 
932.54 552.28 3410.69 0.48 
557.34 61.27 3705.60 0.68 
536.42 305.82 3441.59 0.43 
309.74 944.80 3807.16 0.32 
455.72 642.91 4590.11 0.28 
437.22 458.44 4722.70 0.34 
132.84 316.97 4294.28 0.60 
925.29 334.70 4072.85 0.54 
979.36 556.08 3499.60 0.66 
523.60 462.55 4174.29 0.65 
291.90 393.89 5561.55 0.18 
17.74 321.38 4811.78 0.47 
617.41 503.31 4949.18 0.47 
818.81 441.32 4499.91 0.41 
312.96 450.14 3812.42 0.37 
518.31 877.14 3595.42 0.62 
397.08 433.05 3753.58 0.49 
508.07 817.35 3722.16 0.52 
686.79 500.77 4102.74 0.39 
248.28 909.16 4681.38 0.37 
301.98 619.78 3699.98 0.47 
557.90 44.91 5217.77 0.43 
621.01 195.29 4646.76 0.35 
883.14 434.01 3791.24 0.34 
739.59 64.99 3715.30 0.32 
805.00 61.64 2904.54 0.32 
49.28 132.56 3322.49 0.49 
715.01 727.62 3285.75 0.47 
170.07 684.68 4390.43 0.53 
208.86 955.90 4177.92 0.53 
680.07 739.52 3352.46 0.46 
115.13 190.00 5264.64 0.60 
747.94 161.53 4622.08 0.40 
438.04 938.98 3891.39 0.38 
333.53 602.23 4223.91 0.33 
798.85 340.54 4312.58 0.47 
348.69 899.36 3569.04 0.26 
113.50 966.27 4287.23 0.43 
413.61 400.06 4114.40 0.35 
351.60 442.88 3616.26 0.44 
278.91 733.44 3124.76 0.35 
842.01 512.77 3246.59 0.20 
867.27 13.09 4391.65 0.44 
987.31 747.52 5330.92 0.39 
301.82 922.01 4994.15 0.14 
638.38 75.51 5103.81 0.47 
393.90 948.01 3670.20 0.41 
179.42 235.89 2737.58 0.32 
349.14 473.09 4209.83 0.27 
457.42 949.23 3699.45 0.54 
985.53 958.84 3991.08 0.38 
630.12 51.25 5174.30 0.28 
435.75 44.85 3613.02 0.42 
334.73 701.49 3533.38 0.44 
101.78 627.16 4268.73 0.40 
24.69 510.02 4394.58 0.32 
845.58 498.88 3474.81 0.29 
70.10 559.50 3751.13 0.45 
913.63 709.76 4213.99 0.38 
155.50 701.15 3575.82 0.22 
614.82 682.65 3412.11 0.57 
478.14 613.36 4645.77 0.27 
86.18 262.43 4410.02 0.36 
294.33 201.83 3823.77 0.43 
703.06 170.84 4057.48 0.51 
977.66 339.10 3916.99 0.44 
512.77 904.62 3468.98 0.50 
141.79 364.43 4499.91 0.27 
13.46 504.67 2624.75 0.57 
694.89 449.64 3029.41 0.35 
261.69 102.59 2864.40 0.45 
288.89 962.78 3335.48 0.40 
599.67 934.38 3992.03 0.44 
314.98 493.08 4743.85 0.32 
751.57 17.75 4943.38 0.25 
888.91 725.01 3782.14 0.27 
980.25 791.91 3720.17 0.39 
632.12 934.97 5426.47 0.21 
832.35 291.62 2960.65 0.62 
156.20 425.62 4359.40 0.30 
470.90 399.17 3039.40 0.71 
120.79 685.07 2522.88 0.23 
16.75 120.90 3631.97 0.43 
384.10 761.43 2776.26 0.38 
839.72 851.92 3990.16 0.32 
878.76 158.59 4737.78 0.37 
580.01 113.35 4901.24 0.34 
405.42 193.83 3364.41 0.48 
393.18 110.20 4011.92 0.52 
977.23 998.57 4454.53 0.24 
626.27 709.32 4777.65 0.34 
806.62 304.21 4276.66 0.39 
807.82 572.93 4870.02 0.31 
594.27 527.95 3731.39 0.58 
505.56 403.95 4685.20 0.48 
