575.71 188.33 4053.18 0.26 
765.43 513.72 3906.75 0.60 
18.29 672.66 4498.68 0.39 
698.75 799.56 4775.46 0.51 
222.05 168.23 3573.28 0.50 
61.99 898.89 3575.34 0.30 
340.15 927.34 3792.57 0.40 
687.64 671.86 3117.48 0.35 
960.88 929.19 2673.45 0.28 
886.07 986.56 3340.18 0.55 
456.04 707.65 3920.28 0.36 
480.45 804.17 3433.61 0.45 
284.30 506.07 4163.60 0.51 
802.36 482.43 4076.90 0.33 
400.92 160.73 3018.98 0.36 
599.08 39.21 4214.14 0.45 
429.30 183.63 4088.19 0.38 
42.31 541.80 4363.73 0.43 
76.69 694.88 3501.45 0.34 
314.53 811.41 4535.03 0.53 
741.59 203.96 4156.50 0.33 
410.03 9.37 3626.28 0.41 
510.11 520.58 3582.03 0.42 
600.54 985.48 3960.43 0.23 
996.67 5.87 4903.20 0.55 
461.85 181.28 4541.55 0.28 
302.11 871.39 4081.69 0.33 
872.23 379.85 2548.96 0.52 
870.05 670.04 4199.88 0.44 
114.44 247.92 4261.70 0.62 
177.42 573.18 4145.05 0.38 
229.69 819.69 4331.16 0.52 
34.61 522.46 3004.95 0.58 
380.37 299.80 4771.56 0.43 
157.95 111.89 3470.19 0.32 
923.44 615.72 3260.72 0.51 
555.20 782.88 4303.46 0.28 
630.14 408.57 3278.80 0.36 
903.72 987.51 4121.47 0.39 
412.06 823.44 4081.47 0.38 
349.71 736.03 2860.44 0.42 
636.32 831.44 4317.84 0.40 
192.00 935.96 4299.13 0.42 
691.75 501.30 3970.84 0.41 
490.25 150.32 5255.03 0.56 
667.89 829.63 3412.56 0.50 
338.27 550.77 3101.92 0.40 
543.58 456.94 5042.10 0.34 
29.43 572.14 4586.40 0.39 
72.05 940.14 3560.89 0.38 
601.81 942.92 3593.62 0.33 
966.12 647.56 3604.46 0.35 
854.22 683.44 3840.80 0.47 
105.78 794.94 4498.81 0.34 
264.43 339.85 3771.15 0.50 
339.47 483.27 4172.53 0.50 
793.20 125.99 4707.48 0.32 
261.01 742.86 4883.87 0.57 
122.37 943.64 4430.71 0.38 
801.32 771.56 4136.38 0.33 
833.16 67.93 3515.74 0.35 
964.84 596.95 4929.16 0.51 
589.55 943.48 4640.23 0.48 
906.58 936.74 4398.98 0.57 
837.06 316.38 5226.44 0.39 
330.37 803.46 4581.31 0.37 
474.66 309.11 4600.60 0.46 
888.95 449.65 3639.85 0.29 
597.67 964.70 4020.37 0.37 
583.63 208.64 4389.10 0.47 
764.84 879.50 4304.45 0.48 
746.30 111.13 3196.63 0.46 
409.96 403.51 4143.69 0.34 
898.82 385.81 3832.01 0.43 
425.84 305.05 3481.57 0.34 
931.36 947.12 3638.22 0.43 
600.09 21.84 5375.04 0.31 
636.54 177.22 4620.08 0.49 
311.07 601.75 4384.22 0.26 
644.83 993.40 4832.55 0.50 
610.11 78.10 3490.74 0.50 
398.85 704.14 4081.12 0.44 
761.81 432.23 3881.30 0.33 
600.23 175.11 3941.06 0.40 
304.64 29.98 4919.84 0.35 
890.00 603.31 4404.87 0.48 
375.73 741.20 3337.79 0.48 
658.15 818.98 4070.58 0.42 
139.72 78.49 3149.92 0.34 
303.20 659.15 4138.01 0.36 
723.06 42.00 4153.89 0.29 
912.02 75.54 4296.08 0.35 
713.71 803.01 3273.75 0.19 
841.51 318.47 4429.49 0.42 
497.66 475.77 4308.87 0.44 
648.45 674.10 3942.12 0.52 
6.22 543.01 3091.06 0.31 
24.91 797.96 2734.65 0.34 
704.36 746.59 3658.19 0.33 
102.21 984.91 4982.01 0.35 
303.69 616.26 3368.21 0.46 
635.64 624.74 4497.47 0.39 
4.64 173.41 3989.22 0.39 
79.21 321.17 4122.17 0.34 
408.45 554.47 3421.64 0.35 
510.58 486.39 3719.43 0.55 
269.32 393.59 4177.79 0.41 
330.50 777.61 3375.54 0.39 
233.53 284.15 4343.73 0.42 
901.89 209.13 3412.76 0.25 
720.03 703.01 4201.94 0.33 
25.97 672.84 5386.32 0.49 
295.95 583.97 3926.06 0.27 
796.35 531.64 3634.72 0.37 
780.47 624.34 3977.34 0.57 
798.80 839.73 4855.22 0.22 
939.34 209.34 3090.42 0.44 
408.69 96.63 3970.50 0.29 
903.98 57.52 3987.54 0.58 
609.63 590.62 3765.47 0.38 
339.68 790.88 3190.25 0.33 
46.07 743.82 3278.21 0.31 
195.63 285.58 2752.24 0.41 
114.27 173.94 5548.40 0.28 
478.36 985.36 3367.40 0.42 
678.13 754.80 3571.99 0.43 
605.16 184.08 4645.23 0.48 
309.60 933.81 4840.70 0.71 
302.56 386.17 3889.15 0.46 
841.29 174.52 3918.01 0.43 
831.36 213.99 4139.07 0.26 
979.19 186.39 4641.59 0.30 
235.52 384.86 4126.44 0.47 
956.05 713.38 3419.52 0.58 
848.71 165.34 5438.84 0.36 
863.61 34.49 3606.63 0.31 
47.85 516.08 3637.76 0.39 
742.50 20.69 4422.75 0.32 
144.38 163.11 3656.76 0.33 
539.99 956.25 3970.11 0.32 
855.84 815.44 4162.74 0.35 
181.90 312.06 4182.39 0.29 
336.19 146.85 4818.04 0.42 
711.23 24.38 3440.70 0.40 
673.96 373.06 4153.76 0.42 
391.26 432.24 3963.92 0.41 
831.60 892.21 4826.23 0.43 
977.14 38.84 3744.33 0.42 
516.10 575.05 3796.54 0.43 
852.93 439.87 4091.19 0.34 
583.44 654.82 4160.86 0.32 
