575.07 806.97 3563.58 0.60 
636.32 527.86 3292.37 0.57 
589.56 661.38 3092.00 0.32 
287.18 268.37 4050.51 0.72 
896.59 525.38 4707.47 0.40 
567.24 642.91 3739.09 0.25 
137.06 853.87 3673.27 0.47 
284.87 901.69 4329.59 0.20 
980.91 155.22 4871.40 0.30 
787.81 533.15 4409.35 0.45 
175.39 652.54 4524.91 0.37 
739.51 101.30 3998.83 0.45 
450.63 471.50 3372.34 0.24 
102.73 736.68 4007.35 0.49 
935.60 920.69 5265.61 0.44 
129.03 747.27 3865.80 0.42 
73.06 673.32 3926.97 0.44 
826.55 654.40 3392.68 0.36 
255.85 779.16 4551.14 0.57 
598.65 390.25 4379.14 0.47 
574.01 507.17 3606.38 0.43 
