237.45 156.87 4003.17 0.25 
411.86 796.03 3887.38 0.31 
35.25 138.46 4005.46 0.35 
714.84 856.64 5178.28 0.35 
735.54 685.95 5042.78 0.51 
72.10 511.81 4731.02 0.32 
737.91 654.72 3534.53 0.42 
888.17 360.80 2059.75 0.53 
487.86 772.34 3996.84 0.16 
179.67 814.21 4212.63 0.53 
106.97 756.71 5032.78 0.44 
795.13 34.56 3185.29 0.61 
204.38 946.74 3226.61 0.47 
34.82 666.64 3491.72 0.43 
71.63 749.25 4176.12 0.41 
133.35 611.45 4450.72 0.44 
549.34 577.49 3857.11 0.51 
466.96 170.31 3002.90 0.44 
749.88 384.53 4207.81 0.42 
65.67 418.12 3950.17 0.20 
656.07 329.66 3625.31 0.30 
183.66 926.77 5082.59 0.35 
349.37 460.13 3776.26 0.30 
401.89 300.03 3526.11 0.27 
288.37 651.81 3884.93 0.44 
297.81 77.21 3821.92 0.30 
23.98 989.49 4159.19 0.23 
865.59 668.16 3012.74 0.43 
943.79 542.86 4743.71 0.53 
57.09 181.55 3961.62 0.42 
855.04 324.61 3717.15 0.36 
441.40 460.87 3305.12 0.35 
292.82 520.91 4342.66 0.52 
656.28 839.45 4180.39 0.41 
552.75 733.16 3436.75 0.33 
107.60 132.88 3384.60 0.27 
352.73 540.44 4467.15 0.47 
25.56 101.18 4430.81 0.17 
306.43 710.44 4183.36 0.45 
224.55 6.50 3858.47 0.53 
706.15 586.30 4914.84 0.36 
657.11 267.75 4388.96 0.56 
451.52 741.26 4226.20 0.33 
471.82 450.56 4141.84 0.49 
891.55 810.15 4001.49 0.51 
857.14 637.79 4140.66 0.41 
266.64 317.35 3919.53 0.30 
505.05 388.17 3828.01 0.38 
816.84 369.46 5273.53 0.41 
292.43 123.17 3685.34 0.35 
265.94 763.42 3010.85 0.36 
438.10 577.39 3939.62 0.41 
676.76 578.73 5116.23 0.47 
337.63 425.31 4902.45 0.30 
809.79 827.89 2841.44 0.49 
847.01 956.82 3871.66 0.49 
391.19 589.72 5257.12 0.36 
523.95 641.64 4883.75 0.32 
721.32 54.26 4972.01 0.42 
239.20 103.74 3311.19 0.63 
23.63 579.64 3223.85 0.49 
339.75 753.87 3798.00 0.43 
866.68 664.48 4294.71 0.37 
834.84 512.91 3439.09 0.35 
988.01 345.46 3787.06 0.37 
740.24 439.68 3143.06 0.29 
333.61 58.18 5507.31 0.28 
66.67 972.04 3306.72 0.29 
106.63 277.66 3742.41 0.29 
985.90 44.50 3825.51 0.41 
926.23 59.72 3299.41 0.29 
420.63 783.23 3944.26 0.21 
743.24 918.16 3221.73 0.25 
848.58 352.00 4043.16 0.31 
182.72 729.52 4566.29 0.35 
111.47 959.66 4339.22 0.41 
302.82 694.81 4212.47 0.45 
798.95 999.90 3555.48 0.48 
18.50 897.12 4021.60 0.25 
616.07 813.11 4086.28 0.33 
362.89 968.89 4265.86 0.65 
520.90 1.91 4951.69 0.43 
399.12 570.48 3514.61 0.57 
271.48 539.97 4259.34 0.30 
581.47 232.21 4032.05 0.48 
985.75 857.13 4572.03 0.50 
154.97 29.10 3878.60 0.38 
985.96 512.26 3530.60 0.56 
312.64 146.69 6038.60 0.56 
363.42 155.17 4847.17 0.46 
164.40 718.56 3075.21 0.38 
607.76 985.01 3894.38 0.28 
553.14 132.39 5190.24 0.38 
247.72 417.87 4301.97 0.56 
652.08 29.38 5355.00 0.60 
650.33 842.45 4363.49 0.19 
442.24 378.39 4593.54 0.38 
29.39 158.19 3581.13 0.48 
276.54 665.67 5396.19 0.40 
881.74 822.85 4049.15 0.32 
41.53 476.57 3455.40 0.50 
763.23 782.15 4926.95 0.40 
13.48 586.88 2606.18 0.41 
752.18 385.48 3548.56 0.54 
533.11 359.48 3740.47 0.47 
544.63 11.25 3884.25 0.48 
580.81 440.97 4380.59 0.29 
755.32 13.10 3201.02 0.49 
291.34 861.40 5069.74 0.59 
236.06 961.34 3567.85 0.22 
297.15 997.92 3965.08 0.37 
597.87 279.49 4056.55 0.25 
507.39 15.42 4024.05 0.38 
365.22 877.57 3734.79 0.44 
816.85 339.36 4073.86 0.31 
485.84 453.77 4121.68 0.40 
175.58 149.82 5689.89 0.41 
154.77 796.03 4416.38 0.41 
142.86 464.05 5189.86 0.34 
927.30 762.18 5111.37 0.47 
286.63 953.12 4706.90 0.44 
937.00 79.09 3752.42 0.47 
683.03 527.74 3029.43 0.32 
198.10 682.71 4092.42 0.39 
15.32 940.42 3585.62 0.46 
657.25 854.78 4892.91 0.55 
885.87 152.32 3802.39 0.44 
20.69 808.92 4631.44 0.45 
538.61 171.84 1763.99 0.38 
776.39 879.55 4059.23 0.43 
168.53 111.08 4740.82 0.34 
65.31 887.10 3696.42 0.43 
875.47 649.91 3301.90 0.27 
645.12 239.36 4167.33 0.44 
432.77 225.06 3461.45 0.34 
599.22 604.22 3879.45 0.48 
800.30 553.36 2844.34 0.60 
342.03 605.87 5276.31 0.55 
454.18 490.27 4179.68 0.52 
981.08 584.00 4578.56 0.58 
449.67 353.25 4691.72 0.51 
42.48 472.36 2580.29 0.34 
824.96 296.31 4384.31 0.40 
726.44 834.85 3761.98 0.29 
715.49 900.68 4299.65 0.46 
216.73 908.44 4856.15 0.47 
932.75 93.81 4649.67 0.24 
554.53 585.46 4332.11 0.48 
897.64 775.89 3936.43 0.56 
343.54 892.91 3707.45 0.46 
665.85 21.82 3331.62 0.41 
167.49 42.74 4196.05 0.52 
375.24 544.97 4850.87 0.38 
369.41 211.18 4437.86 0.39 
149.38 815.37 4678.27 0.50 
510.37 111.43 2995.39 0.28 
248.25 82.77 3969.61 0.38 
843.68 236.29 3816.70 0.27 
837.40 779.67 2841.82 0.48 
913.16 526.13 3553.00 0.25 
999.39 790.19 4302.08 0.40 
516.40 652.19 4134.93 0.55 
713.12 739.25 4169.94 0.50 
826.24 163.61 4407.79 0.44 
231.66 358.45 4449.59 0.32 
198.37 323.24 4561.79 0.39 
181.72 648.60 4314.05 0.39 
825.90 527.07 3962.01 0.36 
447.57 714.99 4429.88 0.38 
851.71 65.65 4344.47 0.53 
480.20 985.81 4321.53 0.40 
189.10 523.76 4283.06 0.35 
653.71 923.10 4778.79 0.45 
204.70 34.71 3955.36 0.25 
73.72 140.99 4256.46 0.41 
614.67 693.72 3720.21 0.46 
297.86 101.29 4337.84 0.44 
665.80 805.83 4361.39 0.41 
559.90 758.83 3444.81 0.37 
602.84 989.49 3160.46 0.50 
675.87 878.69 2575.12 0.40 
949.76 997.86 5027.73 0.52 
60.42 397.62 3148.99 0.42 
595.82 55.56 4232.37 0.45 
481.37 509.26 3850.72 0.38 
622.35 464.07 4923.71 0.39 
943.72 926.84 3921.59 0.30 
229.13 711.03 2743.88 0.47 
614.12 530.05 4262.63 0.49 
720.71 659.09 3275.61 0.54 
992.73 801.15 5665.96 0.39 
946.86 0.02 4028.67 0.34 
711.16 768.09 4477.18 0.22 
712.63 779.30 4446.52 0.33 
808.78 720.58 4542.30 0.45 
793.44 742.16 4128.20 0.60 
119.93 575.24 4691.38 0.42 
320.78 669.87 3920.18 0.44 
325.53 215.44 4148.31 0.36 
410.35 988.50 3241.93 0.42 
193.65 402.13 4236.12 0.41 
