387.00 905.28 3172.57 0.57 
901.58 44.13 4076.13 0.39 
410.60 12.04 3143.21 0.46 
302.16 664.21 4408.60 0.48 
334.65 849.98 4940.80 0.48 
380.07 205.20 4584.62 0.38 
317.14 183.82 3518.39 0.47 
420.20 472.92 5257.48 0.39 
335.82 116.39 2514.84 0.38 
116.19 828.12 3181.96 0.54 
240.75 622.82 2927.88 0.34 
328.80 797.59 4087.68 0.42 
327.43 337.36 4070.44 0.43 
572.09 949.42 3571.52 0.45 
563.45 708.28 4606.72 0.51 
11.26 924.90 5725.21 0.51 
256.54 592.33 3564.12 0.55 
460.14 374.85 4025.40 0.41 
864.33 584.38 4362.42 0.50 
851.06 613.64 3929.80 0.29 
601.41 961.76 4788.32 0.27 
960.10 116.07 2887.92 0.65 
612.28 359.49 3492.08 0.57 
302.45 904.88 4233.95 0.20 
441.79 929.36 3808.27 0.55 
267.28 352.25 3929.76 0.52 
867.94 223.48 4171.83 0.39 
891.24 717.78 3985.09 0.29 
464.29 783.73 4962.51 0.29 
531.81 716.80 3530.06 0.38 
457.48 19.91 4884.19 0.56 
