595.70 239.76 2983.30 0.49 
205.35 1.97 3188.13 0.40 
791.52 194.98 3493.32 0.39 
725.46 755.85 3388.49 0.27 
418.05 554.16 3124.27 0.44 
479.60 43.74 3477.81 0.43 
550.70 880.08 3265.02 0.43 
131.58 252.04 5214.61 0.46 
907.47 341.41 4493.42 0.42 
144.70 606.05 2775.44 0.40 
452.76 264.24 3206.37 0.35 
684.81 99.75 3828.71 0.52 
758.08 30.66 3474.08 0.40 
460.76 30.41 4762.66 0.50 
138.88 359.62 2639.34 0.23 
527.43 500.48 4009.76 0.36 
538.54 66.06 3578.31 0.32 
139.40 226.35 4053.86 0.65 
662.42 586.78 3315.74 0.39 
526.69 826.59 3994.10 0.36 
185.31 788.72 4168.39 0.44 
311.07 797.38 3035.76 0.51 
250.63 944.62 3879.46 0.50 
733.21 299.30 3448.14 0.35 
563.20 830.21 4458.33 0.44 
917.56 930.50 3100.87 0.38 
342.56 931.17 4479.03 0.31 
760.65 930.31 3639.76 0.41 
270.01 960.55 4673.23 0.57 
345.35 906.01 4430.60 0.27 
429.83 699.42 4282.01 0.30 
912.56 691.76 3068.40 0.46 
538.47 454.83 6058.91 0.31 
674.97 401.95 4448.99 0.53 
481.96 757.33 4334.23 0.25 
144.79 24.77 3367.41 0.36 
172.09 821.84 4457.52 0.53 
137.28 990.96 2848.85 0.52 
899.06 502.78 3913.83 0.32 
371.20 348.64 3820.15 0.46 
940.56 171.87 3553.06 0.41 
