916.52 314.31 4437.68 0.49 
33.29 174.11 4060.71 0.49 
222.94 21.74 5033.61 0.23 
999.10 914.45 3617.45 0.40 
763.83 759.61 4600.98 0.36 
57.29 906.84 3322.03 0.48 
816.79 913.58 3837.21 0.43 
31.22 51.65 4244.08 0.41 
807.60 247.23 3344.37 0.40 
387.80 650.03 5345.04 0.40 
256.08 791.36 3866.71 0.45 
252.54 819.81 3505.18 0.37 
487.90 615.83 4897.00 0.52 
690.64 237.68 4835.71 0.29 
671.19 924.50 4869.37 0.24 
40.39 674.48 3928.02 0.27 
896.49 173.14 3996.97 0.51 
812.97 896.68 3203.90 0.44 
807.70 149.71 3556.79 0.31 
250.37 74.74 3813.12 0.44 
198.81 407.87 4042.05 0.28 
930.49 669.59 3848.56 0.32 
84.84 792.11 3201.83 0.55 
401.83 241.85 3707.31 0.41 
929.77 424.54 4285.33 0.32 
247.69 952.57 5368.92 0.39 
944.01 780.05 3743.17 0.26 
952.19 985.82 4125.52 0.42 
950.33 901.36 3903.31 0.21 
653.97 336.01 4397.59 0.46 
140.16 397.00 3165.40 0.28 
213.39 558.88 4979.05 0.35 
809.83 322.00 4629.49 0.32 
828.66 205.81 4941.74 0.30 
664.81 17.54 2860.11 0.11 
757.92 844.26 2359.05 0.34 
623.40 338.32 3440.47 0.26 
35.51 239.85 3704.44 0.26 
932.15 733.60 3960.90 0.46 
611.80 442.94 4411.67 0.51 
344.33 383.71 2799.73 0.38 
250.23 17.44 4259.06 0.44 
707.82 993.47 3697.72 0.41 
138.53 382.42 5233.96 0.39 
487.71 75.94 3010.26 0.50 
324.49 448.73 4588.59 0.40 
15.50 247.63 3655.85 0.52 
280.70 239.00 4516.70 0.58 
945.23 523.26 3131.44 0.53 
605.35 626.30 3690.19 0.51 
916.85 124.09 4136.57 0.40 
744.85 438.61 3284.59 0.33 
519.57 379.36 3825.38 0.42 
801.41 3.46 3126.73 0.39 
628.38 840.52 3860.93 0.54 
790.34 381.01 4058.31 0.46 
203.09 379.94 2340.58 0.36 
914.99 511.20 4344.92 0.30 
912.00 400.98 5803.46 0.36 
514.47 818.58 4328.62 0.36 
26.59 138.20 5027.51 0.44 
744.65 340.42 4457.83 0.47 
56.12 622.54 4946.05 0.53 
913.85 612.95 3777.87 0.38 
512.45 176.24 3788.26 0.42 
802.71 636.32 4787.72 0.40 
50.21 190.01 4111.45 0.36 
545.88 591.78 4610.81 0.21 
380.26 526.17 3273.04 0.37 
489.79 278.77 4545.04 0.35 
748.18 746.86 4793.34 0.52 
