774.80 653.32 4482.07 0.33 
260.65 387.60 5112.52 0.41 
680.79 318.06 5243.35 0.57 
31.72 841.04 3666.93 0.31 
205.89 644.37 3724.04 0.16 
905.23 279.81 5303.63 0.57 
756.20 874.54 4555.87 0.42 
46.25 873.33 2625.16 0.23 
670.46 271.96 2847.60 0.41 
311.29 663.73 4431.61 0.41 
214.03 329.55 5083.09 0.41 
149.82 340.21 3287.77 0.31 
727.03 460.23 3791.17 0.37 
788.31 128.24 3793.10 0.41 
947.80 898.92 3255.04 0.39 
408.67 839.55 3224.99 0.32 
280.89 374.05 3738.66 0.21 
279.53 165.81 4570.74 0.24 
401.81 216.96 3593.82 0.65 
130.72 379.41 4847.15 0.23 
748.63 12.16 3932.22 0.27 
398.21 842.89 3395.67 0.43 
133.32 148.74 2727.82 0.47 
680.49 816.36 4702.51 0.47 
480.75 912.57 3310.89 0.26 
912.87 510.52 3393.16 0.34 
965.86 213.66 3222.37 0.23 
411.97 760.43 3490.52 0.45 
43.04 30.31 3961.13 0.28 
300.40 18.27 4647.88 0.59 
848.73 980.05 3227.78 0.51 
575.42 87.36 4112.55 0.58 
587.93 610.51 2650.40 0.56 
623.38 477.03 3428.74 0.17 
995.72 506.07 3154.02 0.40 
644.26 860.72 4103.69 0.32 
82.51 798.73 4392.87 0.40 
782.27 605.95 3828.61 0.50 
740.71 274.34 4635.11 0.35 
755.75 33.02 3815.06 0.41 
602.82 805.45 4168.61 0.27 
142.86 93.97 3815.07 0.40 
817.84 95.99 4354.82 0.52 
862.21 769.38 3489.25 0.45 
252.27 673.31 2885.94 0.21 
646.32 208.26 4033.31 0.48 
451.03 144.56 4288.89 0.24 
749.17 616.46 3100.33 0.61 
517.21 83.23 4080.44 0.51 
771.46 90.03 3548.98 0.38 
720.51 620.75 4581.81 0.43 
292.72 26.09 4485.71 0.43 
33.59 179.60 4494.13 0.45 
137.96 792.18 3484.94 0.38 
163.33 546.26 3115.32 0.43 
200.34 935.00 3597.20 0.56 
806.15 94.84 5496.00 0.33 
114.53 133.93 4355.16 0.36 
460.24 838.28 3812.95 0.42 
7.79 201.03 2964.01 0.33 
895.20 710.07 3025.17 0.45 
527.37 874.34 3637.64 0.34 
363.18 125.72 4761.33 0.34 
289.31 700.66 3978.36 0.42 
465.94 201.40 3916.37 0.39 
451.95 539.52 4020.01 0.58 
725.59 733.96 4010.69 0.43 
879.02 804.36 4987.68 0.32 
881.26 90.30 3818.27 0.59 
115.10 477.70 2973.47 0.37 
612.01 887.36 4250.85 0.42 
398.76 763.05 3533.21 0.51 
211.69 841.51 4307.49 0.32 
134.74 361.80 4387.96 0.35 
983.99 456.48 3888.49 0.32 
540.60 263.26 3435.76 0.29 
134.27 533.71 3754.28 0.39 
680.74 410.84 3958.53 0.39 
385.90 512.28 4166.93 0.24 
362.11 37.74 4717.21 0.29 
697.61 765.65 5065.26 0.44 
