553.23 308.71 3719.66 0.48 
327.91 888.47 4317.17 0.31 
640.42 842.11 4948.41 0.46 
44.19 51.77 4994.71 0.58 
493.76 813.98 4087.53 0.32 
181.45 869.21 4810.09 0.36 
314.40 884.19 3198.28 0.29 
726.33 736.28 3368.76 0.41 
372.20 983.52 4305.87 0.38 
2.63 655.01 3314.46 0.28 
51.29 679.02 3208.45 0.30 
616.13 802.94 3817.60 0.21 
616.29 891.57 5140.66 0.45 
471.00 103.24 3859.91 0.34 
47.28 583.30 2952.23 0.36 
952.69 857.79 4746.92 0.23 
253.89 888.22 3631.28 0.44 
899.95 298.34 4621.92 0.35 
458.03 423.88 3719.24 0.35 
72.73 680.56 3577.24 0.47 
973.37 536.02 4835.69 0.30 
413.81 577.61 4682.64 0.47 
278.00 536.27 2942.87 0.48 
402.53 937.50 4119.96 0.46 
523.15 591.93 3764.89 0.41 
316.64 445.36 4248.27 0.57 
123.21 516.49 3040.12 0.39 
811.15 797.28 3778.21 0.28 
83.82 944.06 3186.29 0.40 
155.32 746.07 5725.16 0.33 
330.22 105.83 4086.12 0.28 
955.12 647.32 3672.11 0.39 
657.05 971.90 4298.28 0.30 
648.53 721.88 2876.87 0.55 
523.75 890.68 4186.99 0.58 
366.50 190.59 3593.67 0.17 
833.09 14.89 3113.76 0.40 
478.21 741.05 5632.60 0.45 
950.60 918.81 3934.97 0.28 
814.94 692.42 2629.49 0.27 
522.19 506.17 4364.79 0.19 
921.89 551.07 3299.25 0.34 
429.47 908.41 3628.66 0.39 
908.61 42.17 2885.18 0.37 
365.13 856.48 4673.63 0.34 
441.56 884.27 4229.69 0.30 
724.05 457.81 3907.80 0.30 
989.81 596.61 3979.09 0.30 
574.33 357.99 4111.77 0.43 
639.04 123.11 4804.79 0.38 
511.37 551.44 3483.03 0.34 
128.28 479.54 4528.33 0.51 
899.23 218.57 5027.87 0.35 
437.81 518.84 4047.56 0.40 
887.58 701.49 4016.85 0.37 
418.22 126.76 2676.20 0.41 
258.37 334.04 5013.58 0.51 
957.76 149.41 3448.00 0.35 
530.17 265.11 4240.47 0.31 
845.00 385.84 4302.85 0.26 
335.37 559.26 5415.98 0.27 
312.05 401.28 5508.69 0.24 
218.83 833.07 4049.25 0.22 
702.97 406.87 3866.48 0.50 
97.29 48.61 5203.94 0.33 
474.11 264.49 4731.98 0.49 
406.10 98.95 4706.11 0.19 
918.20 893.52 3227.14 0.34 
761.16 702.13 4050.37 0.44 
438.18 141.68 4352.57 0.48 
924.78 286.52 3822.66 0.32 
658.05 22.80 4950.61 0.19 
207.99 875.58 3697.48 0.33 
128.03 188.97 3612.43 0.49 
720.58 38.33 3403.52 0.47 
294.10 487.69 3745.81 0.35 
223.77 291.20 5853.62 0.52 
896.37 430.33 4097.60 0.54 
706.63 649.96 3279.90 0.29 
125.92 668.23 4371.19 0.52 
232.60 520.41 5037.15 0.44 
1.34 16.90 2799.66 0.35 
450.70 672.02 3291.24 0.22 
270.07 894.96 3667.74 0.37 
380.11 500.43 3211.22 0.38 
146.53 39.01 3276.70 0.38 
426.49 195.94 3322.15 0.39 
772.06 132.76 4933.04 0.45 
923.31 294.07 4676.99 0.30 
27.74 240.64 3856.91 0.35 
987.11 589.97 4907.27 0.36 
