457.40 526.46 0.22 4213.89
440.75 540.68 0.15 2538.44
452.04 555.63 0.20 6486.62
439.41 561.25 0.18 4709.35
475.55 541.82 0.10 5223.26
527.43 459.42 0.24 6256.04
439.74 431.34 0.26 4557.86
534.33 556.85 0.35 6226.82
494.36 473.83 0.24 5071.02
476.00 507.03 0.39 5921.20
507.08 421.03 0.10 5383.50
488.31 428.59 0.15 3991.14
549.77 441.10 0.01 5808.27
471.75 508.60 0.18 4820.13
449.11 503.64 0.30 3038.01
449.49 474.85 0.16 6320.50
465.12 434.23 0.08 1711.59
569.78 543.22 0.18 6632.62
530.99 577.62 0.22 3148.09
577.22 604.64 0.02 3197.31
492.07 528.74 0.15 3078.90
487.54 485.43 0.05 4067.58
524.97 479.16 0.21 7870.43
453.92 479.03 0.05 7071.98
478.06 515.36 0.14 4265.64
531.51 433.99 0.29 5793.31
547.11 516.27 0.39 7716.60
456.91 413.79 0.14 2485.74
446.80 570.90 0.07 2387.54
513.52 471.80 0.20 5139.74
516.11 539.68 0.23 5504.45
494.18 433.58 0.12 3687.98
524.41 483.52 0.30 1586.81
487.62 478.59 0.26 2621.49
476.73 508.93 0.22 3593.22
394.52 445.23 0.31 4469.73
483.01 486.62 0.49 3549.53
567.77 518.00 0.13 5076.20
533.69 484.76 0.20 2308.42
536.26 515.73 0.02 3095.04
501.29 466.52 0.21 2309.09
452.83 514.18 0.02 2084.70
455.76 426.70 0.11 3994.35
564.81 488.48 0.27 4322.60
534.07 566.88 0.16 5281.22
509.06 506.42 0.20 3731.09
529.51 516.07 0.17 7583.55
414.20 524.55 0.25 2703.15
575.06 503.82 0.12 4550.01
575.76 442.69 0.02 5772.87
525.04 547.13 0.09 1787.97
494.61 428.00 0.12 3656.75
472.09 447.66 0.10 7546.31
494.39 523.80 0.23 2977.87
446.46 414.00 0.20 2515.49
421.26 527.47 0.25 1792.32
472.63 502.37 0.26 4021.64
482.79 537.01 0.23 2624.34
400.99 482.71 0.19 6878.50
466.36 498.98 0.27 3614.25
487.59 509.79 0.23 7994.36
512.55 561.96 0.03 3479.69
441.48 479.08 0.19 3095.78
513.38 542.07 0.22 2425.35
470.46 571.26 0.19 3627.82
437.51 346.33 0.37 1759.85
506.14 444.54 0.40 7631.09
521.56 526.49 0.15 3681.36
565.55 555.41 0.12 7045.46
519.18 512.98 0.23 1956.42
452.39 554.22 0.10 6970.57
437.47 463.02 0.15 5534.71
451.26 480.34 0.05 4694.82
524.86 509.41 0.21 4107.20
489.92 545.98 0.12 4124.66
451.18 545.04 0.09 2752.12
501.68 452.59 0.22 2646.86
458.90 491.26 0.28 2321.22
423.36 518.26 0.28 7405.70
501.06 603.90 0.08 2571.94
462.90 494.87 0.20 7764.15
567.25 459.74 0.17 5886.31
589.38 451.66 0.10 4008.30
525.59 493.68 0.13 6736.26
515.96 525.74 0.08 3745.59
506.72 586.09 0.32 7302.21
487.23 515.07 0.14 4551.38
504.91 419.23 0.07 7520.52
549.31 525.94 0.12 7327.88
532.47 516.08 0.26 4243.82
486.93 605.47 0.36 7026.72
494.08 544.81 0.21 6219.86
485.24 522.47 0.27 3948.69
560.45 546.52 0.20 2743.44
521.54 556.24 0.18 3145.17
508.41 506.06 0.22 7188.71
500.16 492.90 0.15 4321.59
446.83 469.88 0.18 3356.03
502.58 521.33 0.15 6964.88
491.86 590.72 0.18 5929.77
