569.42 507.28 0.29 7158.83
613.38 360.50 0.20 1955.84
736.89 607.92 0.30 1574.90
360.08 407.05 0.20 5459.79
638.13 341.30 0.22 4249.92
530.79 508.82 0.35 6355.63
367.79 814.88 0.24 7089.60
219.37 424.04 0.14 2167.46
470.13 520.60 0.49 3371.06
617.92 514.59 0.26 6843.53
453.12 437.44 0.18 5413.89
262.47 317.77 0.41 5157.19
691.63 451.57 0.17 4940.34
264.24 539.06 0.05 7650.23
691.56 540.73 0.28 3777.90
461.70 691.65 0.13 2127.68
469.43 540.95 0.03 6542.46
660.35 493.75 0.25 7928.05
472.53 368.17 0.05 4392.28
640.04 773.70 0.11 4452.35
664.27 371.41 0.38 4778.63
436.11 665.62 0.06 5289.28
519.36 821.42 0.10 2163.33
277.05 440.21 0.19 3589.78
356.66 336.51 0.08 6591.49
415.34 683.90 0.02 5971.98
960.39 364.84 0.26 5779.50
433.99 751.88 0.12 7736.92
577.07 408.22 0.24 4304.47
552.85 583.13 0.19 6050.75
672.69 754.33 0.42 6574.70
746.00 577.36 0.31 2336.60
504.45 282.31 0.22 5241.13
391.57 408.28 0.16 3896.51
404.30 420.83 0.18 5693.47
574.00 422.44 0.14 7694.87
779.09 444.81 0.05 7914.82
529.02 328.18 0.20 3857.56
502.66 369.77 0.27 2534.69
681.27 288.45 0.23 5863.16
605.49 591.74 0.28 7684.09
438.89 456.29 0.29 5832.00
297.40 349.44 0.20 6970.69
446.31 550.24 0.37 1856.13
622.00 520.74 0.07 6707.88
468.14 612.83 0.24 2522.35
374.17 406.67 0.22 5114.54
376.41 457.86 0.11 7967.86
473.37 649.56 0.03 5785.31
755.58 508.38 0.29 5688.12
249.88 510.62 0.32 4308.62
440.06 405.08 0.13 2572.30
323.33 702.62 0.27 4906.35
519.24 376.66 0.40 4893.37
350.45 702.47 0.17 4389.94
363.81 92.01 0.13 2008.29
632.03 741.08 0.13 6863.25
542.58 400.61 0.13 5626.49
386.04 240.57 0.25 2105.57
589.55 447.32 0.15 6243.10
555.38 373.81 0.29 5190.91
859.69 831.18 0.12 2741.83
607.67 538.72 0.24 2407.49
655.82 645.69 0.11 6909.75
434.57 186.33 0.26 4553.29
501.84 611.26 0.21 7569.79
359.17 566.07 0.03 4514.76
579.66 737.13 0.03 2836.03
422.19 414.21 0.09 6672.24
494.80 412.56 0.12 4670.58
779.05 589.41 0.44 4031.14
732.66 586.33 0.27 6428.60
556.40 550.49 0.14 5527.69
615.56 647.41 0.42 2810.48
628.00 471.05 0.10 1812.53
541.46 619.02 0.22 7969.00
313.32 475.10 0.39 3732.17
468.73 451.75 0.31 3443.54
504.43 279.40 0.14 2218.82
642.00 581.14 0.30 5680.95
399.10 713.73 0.03 3652.80
572.29 566.96 0.14 7483.16
653.54 431.23 0.25 4300.70
457.76 293.42 0.23 2824.01
546.02 772.56 0.22 6919.04
367.17 528.45 0.38 3818.01
461.75 645.69 0.21 5694.53
89.53 513.80 0.23 5776.06
409.67 624.85 0.31 5130.30
457.52 375.76 0.29 7332.78
559.81 412.82 0.35 4479.04
746.84 418.64 0.18 1831.64
316.00 368.69 0.17 5312.23
551.13 499.42 0.02 2676.61
478.35 199.87 0.17 7763.09
434.23 347.24 0.21 2826.30
664.82 510.51 0.10 7621.26
844.05 457.32 0.35 7536.54
364.80 303.73 0.12 2875.42
497.66 559.45 0.13 4210.83
