711.42 348.09 0.17 7446.55
377.77 656.44 0.19 5016.89
463.62 463.03 0.28 4145.69
377.54 451.07 0.12 3909.05
697.84 358.46 0.04 4487.04
365.05 498.72 0.04 5795.69
558.34 145.73 0.09 5602.17
457.95 296.45 0.16 6442.73
471.27 607.35 0.27 6261.83
584.06 456.23 0.08 4949.09
500.79 750.86 0.19 6098.69
484.59 698.08 0.08 2590.31
383.31 651.29 0.18 6759.13
544.67 737.11 0.27 1886.77
581.12 862.54 0.02 5945.47
449.53 546.63 0.20 2097.97
705.03 463.38 0.02 2107.66
395.24 624.23 0.19 3706.24
456.52 792.86 0.03 7784.81
849.45 393.11 0.17 3812.26
402.42 294.77 0.18 3636.20
724.65 587.89 0.40 4300.95
723.06 637.02 0.29 3864.50
760.70 602.61 0.43 4872.31
467.07 437.15 0.20 3222.35
622.24 323.45 0.16 5040.84
360.94 770.41 0.16 4117.33
316.20 562.14 0.30 4223.21
369.70 492.60 0.34 4114.97
561.56 492.35 0.04 6190.51
684.75 510.65 0.22 5132.26
638.35 614.84 0.18 3013.90
442.49 532.21 0.32 5830.11
297.20 573.25 0.12 1942.73
744.97 304.91 0.44 3898.02
431.58 748.27 0.18 3038.21
559.89 568.22 0.24 7468.95
592.47 508.42 0.16 7506.28
609.33 647.93 0.30 6443.92
553.44 485.11 0.26 3975.70
696.03 507.64 0.24 2352.09
596.61 551.24 0.10 3392.53
738.58 451.88 0.19 5101.54
652.62 588.00 0.10 2389.59
379.02 507.01 0.33 3808.94
626.14 232.65 0.11 7716.60
537.45 352.94 0.32 2516.95
470.41 409.75 0.18 3457.78
482.02 708.83 0.10 2157.40
563.67 279.70 0.25 3034.80
517.05 294.29 0.27 3752.09
802.63 328.30 0.03 5201.05
535.92 534.19 0.34 5792.17
539.67 533.36 0.03 7344.64
746.07 351.11 0.37 7788.46
505.23 462.70 0.20 3924.82
631.11 812.14 0.20 2598.24
463.72 430.06 0.16 7638.24
519.06 571.17 0.15 2235.10
414.27 707.03 0.19 4082.94
327.84 533.98 0.05 5475.98
836.54 565.01 0.14 7094.57
584.08 512.29 0.28 5155.88
455.18 505.44 0.29 4182.76
476.83 531.62 0.06 4360.34
378.29 625.23 0.23 5335.24
349.07 567.46 0.06 5954.83
536.01 374.15 0.03 2297.62
712.74 476.34 0.13 1781.84
551.91 346.66 0.21 7711.45
584.55 830.47 0.22 3943.03
407.50 554.28 0.19 7016.75
512.22 706.26 0.40 5420.58
501.98 308.55 0.27 3235.13
603.04 671.40 0.27 3730.30
239.77 806.52 0.12 2085.66
443.17 596.16 0.04 2233.75
693.39 524.08 0.11 3817.88
569.75 609.69 0.08 3584.90
622.36 467.12 0.18 2444.51
511.10 352.14 0.10 6592.82
443.58 263.47 0.09 5484.22
417.67 241.32 0.32 1825.60
134.45 521.79 0.18 7460.88
634.66 585.30 0.15 7118.60
617.50 375.01 0.06 7124.65
573.27 366.48 0.11 6030.27
520.77 502.73 0.32 2236.00
565.66 747.70 0.37 5138.65
527.70 610.75 0.09 4981.91
463.31 391.65 0.40 4790.78
439.65 700.42 0.07 6701.24
360.65 357.69 0.29 5672.36
487.17 514.79 0.18 6296.76
538.09 129.47 0.04 6123.32
605.06 270.90 0.23 5085.03
361.76 610.47 0.20 7424.07
333.04 538.28 0.14 6639.61
399.14 506.25 0.11 3220.61
369.12 419.53 0.03 2057.46
637.10 424.79 0.07 2991.20
267.65 412.93 0.39 7122.99
554.12 425.13 0.26 3749.32
348.20 299.27 0.01 6540.49
616.39 754.31 0.22 4029.07
490.52 715.83 0.24 6723.59
686.11 159.32 0.28 3434.21
449.25 445.83 0.10 3115.78
628.96 613.81 0.16 2879.34
428.87 650.00 0.21 7032.78
368.01 529.10 0.01 4378.86
402.03 597.12 0.31 2377.04
764.57 694.57 0.38 2060.41
575.69 380.70 0.28 4572.44
255.51 512.62 0.20 3951.13
543.41 301.75 0.42 7940.33
291.39 230.29 0.26 1885.71
435.25 621.68 0.33 4644.37
655.91 596.97 0.09 3893.83
602.81 502.50 0.32 1695.78
191.81 622.31 0.21 1573.10
491.47 261.32 0.25 5847.64
525.34 264.37 0.18 3913.19
540.69 502.62 0.05 1760.67
410.38 613.94 0.28 6185.92
364.07 864.08 0.20 1604.75
561.20 283.01 0.11 6032.29
410.11 575.66 0.15 1624.06
820.87 414.54 0.08 7508.99
395.82 441.66 0.18 6325.97
537.63 754.05 0.12 4985.27
163.93 370.19 0.31 7533.66
664.34 733.19 0.11 2732.28
480.37 637.84 0.08 6464.43
217.55 158.38 0.29 6114.45
395.64 463.28 0.20 7776.67
608.16 411.64 0.08 5956.72
633.44 592.54 0.22 7912.12
365.72 511.21 0.26 1563.25
418.00 267.44 0.30 7659.87
219.25 380.02 0.15 5428.51
549.06 550.85 0.37 5914.19
399.21 479.15 0.15 6607.43
663.56 555.99 0.04 7040.42
423.86 434.47 0.30 3682.13
367.95 687.13 0.10 7481.96
319.68 245.78 0.24 4283.52
332.63 402.46 0.13 6580.69
276.81 501.71 0.13 7410.24
429.69 354.51 0.27 3839.08
