508.49 485.29 0.27 6157.77
536.15 560.73 0.22 6489.76
466.05 447.09 0.23 7941.23
465.02 482.22 0.24 6450.92
497.65 526.51 0.35 3229.40
448.53 549.09 0.35 6905.41
524.96 526.61 0.10 2883.34
532.55 443.23 0.22 4475.55
446.42 482.92 0.41 6982.67
561.15 347.00 0.29 2304.24
547.60 464.22 0.24 6042.00
508.70 414.62 0.26 7425.57
482.17 475.75 0.31 3113.70
505.27 449.91 0.30 4608.17
560.30 483.47 0.18 5091.42
516.46 532.13 0.04 2188.07
414.79 471.40 0.21 7792.86
492.55 490.65 0.13 7478.06
449.02 500.66 0.09 3512.67
547.35 588.16 0.18 5767.60
513.62 390.27 0.34 3863.96
482.27 478.00 0.28 1868.89
587.40 484.04 0.17 1612.17
520.29 474.05 0.13 3589.78
468.11 447.02 0.11 4151.82
520.50 532.33 0.01 3780.48
461.72 394.75 0.21 2664.47
503.29 564.05 0.19 1676.87
477.68 458.93 0.39 2363.88
485.69 600.50 0.14 2770.85
514.10 501.81 0.02 5155.53
607.41 388.11 0.14 6975.26
535.06 465.27 0.26 5088.40
446.04 488.91 0.28 6160.25
491.33 456.40 0.07 2877.09
515.90 515.36 0.01 7514.89
532.37 542.27 0.21 3448.36
513.70 420.25 0.26 7174.87
510.66 508.24 0.23 4607.82
340.41 525.93 0.04 4629.38
430.25 466.43 0.18 4490.79
533.87 595.10 0.26 6967.54
553.06 512.66 0.33 6481.60
469.77 544.71 0.24 6416.80
591.09 507.79 0.26 2257.51
583.01 503.16 0.10 3921.51
463.04 560.94 0.31 2801.31
541.97 441.29 0.31 3848.33
515.66 481.89 0.26 7071.95
520.52 540.25 0.04 2496.01
449.00 589.79 0.29 4701.24
540.48 432.23 0.42 7154.02
514.09 519.81 0.01 6284.10
504.94 467.11 0.01 1617.66
554.15 533.97 0.27 2026.64
451.28 473.98 0.12 4552.28
395.29 497.40 0.28 7900.39
486.49 485.35 0.21 2774.95
454.43 552.58 0.04 2376.20
438.98 548.81 0.08 4059.54
526.06 445.48 0.27 1952.80
534.89 419.46 0.07 2220.68
577.13 468.81 0.14 4007.22
475.27 510.08 0.14 7640.34
531.79 482.10 0.11 6935.52
435.84 492.25 0.21 5314.03
520.67 455.59 0.01 3679.27
461.94 540.28 0.29 5307.54
561.64 469.36 0.17 2934.61
431.12 400.23 0.17 5608.44
508.30 577.82 0.11 1992.46
476.40 514.45 0.33 6474.96
457.05 594.41 0.28 6005.71
532.36 411.76 0.14 2981.73
547.74 557.36 0.08 1861.05
586.02 526.41 0.11 1838.26
562.18 523.59 0.07 2474.69
459.34 406.31 0.19 3936.71
435.32 562.69 0.18 6081.16
514.91 415.47 0.16 3732.42
443.81 500.13 0.19 5025.22
517.76 490.59 0.33 7129.81
565.75 566.08 0.28 5411.69
517.80 562.88 0.14 7453.30
503.12 537.32 0.41 2083.77
551.28 484.67 0.23 6118.65
484.26 487.77 0.09 1961.12
429.53 554.29 0.09 4988.17
420.94 493.80 0.06 1572.25
485.47 426.35 0.30 6595.10
500.84 554.44 0.11 6374.82
552.60 458.87 0.24 7783.78
520.31 527.03 0.24 7311.47
525.79 453.97 0.19 1743.12
613.37 530.97 0.41 6922.61
600.84 509.26 0.20 3812.94
535.49 467.41 0.19 5555.84
593.72 473.57 0.18 2659.26
474.57 408.07 0.19 1835.57
546.20 473.33 0.21 7937.59
484.76 494.13 0.20 3139.42
512.52 574.25 0.26 5226.32
544.65 533.53 0.07 2501.53
523.74 478.43 0.11 2660.36
561.13 421.65 0.25 2457.67
530.74 521.27 0.10 1668.18
608.25 591.07 0.01 5012.84
426.65 468.69 0.01 3994.13
460.95 461.77 0.23 7040.84
590.47 433.41 0.14 6349.80
471.92 434.46 0.15 6293.75
523.21 389.49 0.31 3725.56
608.90 468.57 0.09 2201.42
505.71 360.40 0.16 2033.21
545.18 453.70 0.09 2152.41
499.13 531.67 0.17 1920.30
482.22 472.39 0.05 3404.88
503.73 558.89 0.14 7688.29
481.61 471.41 0.20 4050.85
460.59 454.11 0.13 5107.78
472.23 515.15 0.31 3262.56
491.58 465.90 0.14 4564.36
477.25 495.25 0.24 4534.34
495.33 454.64 0.42 4329.27
517.81 430.89 0.36 4444.67
520.82 538.42 0.32 2066.90
501.64 584.17 0.30 6673.15
477.86 535.46 0.30 3625.59
401.64 491.25 0.25 1945.97
420.96 577.80 0.20 3768.65
550.79 500.12 0.11 5991.00
419.37 517.27 0.01 4155.50
512.90 451.27 0.37 3247.18
419.47 420.98 0.07 2032.67
529.95 507.28 0.30 3959.52
412.25 513.44 0.38 4544.22
509.87 521.68 0.16 3304.53
597.98 574.62 0.19 2828.76
500.63 498.94 0.34 6190.24
526.09 431.59 0.25 3825.42
538.30 477.72 0.02 6232.30
546.01 529.56 0.34 5263.85
492.39 450.60 0.23 1623.58
425.48 460.14 0.34 4483.27
481.50 478.41 0.09 6080.88
465.96 505.02 0.15 7004.04
567.06 555.88 0.31 2728.44
531.62 516.35 0.32 4215.14
541.40 445.81 0.26 1640.91
494.36 543.87 0.26 2051.81
