331.36 299.16 0.20 3792.70
622.06 549.84 0.25 5622.62
357.43 602.51 0.36 1908.58
495.24 324.50 0.18 6526.53
510.08 424.19 0.33 7918.94
646.82 316.54 0.14 4263.46
682.52 377.83 0.07 6370.19
489.24 634.27 0.14 2520.25
519.63 296.53 0.17 5351.66
436.58 541.84 0.23 4751.18
562.29 549.73 0.09 6577.89
525.63 730.93 0.25 5811.06
225.94 266.65 0.32 6136.79
479.59 639.99 0.07 4777.79
829.73 436.42 0.28 3988.07
603.52 727.65 0.21 2434.39
469.26 603.21 0.13 6045.28
326.76 670.21 0.25 2712.32
640.83 545.25 0.26 5638.56
606.59 398.68 0.23 2591.41
