515.68 412.72 0.05 2429.11
493.10 566.23 0.17 1655.67
443.45 500.37 0.15 7957.59
445.72 483.01 0.01 4022.62
478.12 473.54 0.24 4653.90
426.83 460.85 0.15 7133.19
452.01 518.81 0.40 4862.53
476.40 487.40 0.14 6839.52
538.25 497.76 0.35 5292.26
470.93 519.89 0.03 5978.82
510.08 544.81 0.11 7366.30
454.10 430.30 0.09 6842.39
513.31 587.04 0.23 4492.26
444.24 479.82 0.10 2624.93
501.93 566.18 0.19 5641.48
551.40 440.98 0.28 3814.07
516.10 561.35 0.06 6519.59
527.59 463.22 0.07 4673.35
438.99 527.15 0.30 3619.37
527.30 533.21 0.22 2374.06
