500.11 554.50 0.37 7468.17
483.90 507.35 0.12 7320.73
452.44 482.99 0.24 1953.80
436.72 462.32 0.21 6527.87
529.58 566.22 0.10 6028.86
488.23 535.16 0.25 4031.04
439.31 543.50 0.21 6542.92
476.12 541.26 0.11 4207.72
602.15 413.31 0.17 2779.31
469.72 479.12 0.07 7474.56
501.84 477.17 0.24 7754.97
402.27 522.45 0.17 5985.92
541.24 541.62 0.26 6947.98
484.10 551.70 0.22 4630.03
470.95 477.62 0.16 2526.61
474.24 508.95 0.22 2916.98
496.56 462.29 0.12 2715.34
423.39 375.47 0.24 7860.60
503.65 532.30 0.20 7250.20
425.01 506.43 0.17 7299.52
557.66 566.18 0.10 2849.80
453.69 551.01 0.10 3313.06
464.91 470.13 0.34 4032.81
521.92 523.54 0.12 2063.30
503.62 622.60 0.25 3713.14
407.24 411.63 0.15 6104.51
576.71 495.12 0.37 1783.63
586.90 498.60 0.32 1782.71
526.53 429.90 0.11 5231.71
505.29 493.89 0.11 4029.12
477.14 490.76 0.18 5271.60
468.12 588.59 0.33 4848.29
468.54 599.74 0.37 7847.39
432.42 610.86 0.07 3090.45
586.56 486.45 0.34 7062.87
447.97 544.14 0.25 1566.74
477.60 467.41 0.25 7589.72
572.21 533.09 0.20 2665.07
461.86 464.54 0.17 5830.25
606.38 576.65 0.24 5584.76
507.98 413.67 0.30 2427.23
496.50 530.65 0.17 6912.06
570.58 408.08 0.09 6137.13
533.82 547.19 0.07 3215.70
647.80 544.43 0.08 6356.64
496.45 469.66 0.31 5599.20
494.53 503.64 0.05 6864.25
547.74 581.52 0.25 4891.96
448.72 445.01 0.21 6325.22
440.17 509.49 0.27 4367.02
550.12 406.53 0.10 6842.71
435.78 501.41 0.35 5022.09
417.90 454.07 0.23 6993.45
488.73 498.40 0.22 2596.75
522.50 535.76 0.17 6925.38
498.29 507.19 0.20 7472.68
437.95 462.63 0.38 5700.67
534.73 509.38 0.09 6131.72
492.00 415.27 0.07 2329.76
489.19 543.42 0.28 5136.72
461.92 523.15 0.22 2188.48
470.28 523.50 0.26 7456.02
518.11 381.73 0.11 2926.61
447.75 468.81 0.24 3165.14
416.84 542.97 0.40 4668.65
555.97 507.18 0.24 7189.73
539.03 468.87 0.17 3268.26
472.91 513.41 0.24 2532.20
462.85 561.66 0.26 5336.37
493.73 394.30 0.15 4865.76
481.22 494.88 0.11 7336.56
530.26 532.46 0.27 7583.15
477.94 446.74 0.22 6472.25
521.51 495.14 0.23 7674.04
492.13 474.18 0.27 3360.06
470.49 504.92 0.25 4177.92
491.63 431.09 0.11 4982.09
447.41 527.87 0.17 7889.51
547.33 521.86 0.18 5370.87
539.89 489.08 0.13 1957.44
463.86 447.43 0.24 3464.65
402.67 578.93 0.16 5048.83
479.65 451.26 0.14 3657.83
471.20 407.23 0.05 4420.14
469.11 561.59 0.23 7683.19
497.19 536.39 0.27 4183.19
557.77 486.59 0.19 5959.49
471.03 475.81 0.20 6466.47
489.55 489.12 0.05 3780.30
491.41 431.86 0.07 6634.30
492.20 597.91 0.17 4242.41
474.81 412.80 0.14 3575.66
468.14 535.91 0.20 2016.04
532.81 528.82 0.01 7350.74
458.13 564.35 0.34 7986.16
597.54 459.98 0.14 5015.69
522.99 555.75 0.11 2184.07
494.12 479.92 0.13 7399.73
531.66 502.99 0.23 2889.82
448.54 475.95 0.12 4430.85
577.41 529.60 0.25 2744.45
429.96 471.10 0.09 5201.06
513.08 545.22 0.22 5801.50
461.57 421.42 0.21 3475.91
491.66 474.07 0.23 1894.09
484.26 470.46 0.18 7114.35
428.33 544.03 0.10 6526.68
484.44 514.36 0.29 4675.67
495.07 456.98 0.23 4707.43
506.74 515.97 0.18 4999.85
555.71 503.90 0.12 4609.56
520.20 495.77 0.26 5624.81
484.38 494.71 0.22 5352.33
542.59 506.11 0.19 3550.35
559.32 556.38 0.09 3555.21
478.27 523.38 0.16 7142.52
458.53 537.53 0.04 3991.27
458.67 567.74 0.07 5489.99
549.05 519.40 0.45 4618.36
497.48 575.48 0.19 5604.93
476.77 556.21 0.06 1923.27
553.83 605.96 0.09 3228.15
508.95 452.08 0.15 2117.68
485.85 463.90 0.11 6769.78
511.25 502.98 0.22 4546.59
514.80 468.05 0.02 6743.72
493.50 590.73 0.12 6843.11
566.92 554.17 0.20 6595.09
471.69 480.23 0.26 5450.82
347.21 526.45 0.29 6222.79
570.81 526.64 0.23 2348.99
556.83 478.25 0.17 5163.08
503.37 513.18 0.14 1508.09
560.43 460.76 0.20 5743.26
505.09 579.82 0.15 6457.83
558.95 450.57 0.14 4887.40
553.91 518.72 0.28 4180.55
508.22 539.28 0.46 2686.10
459.06 541.21 0.35 5450.38
517.73 562.08 0.23 5351.60
492.57 529.58 0.09 5509.70
427.34 555.07 0.13 5228.04
437.13 523.73 0.09 5891.22
526.11 521.53 0.16 4054.68
664.71 490.56 0.36 5704.28
492.78 548.56 0.09 3330.97
498.36 548.33 0.15 4165.25
457.89 408.68 0.22 1993.35
505.25 545.48 0.06 3391.23
550.38 580.81 0.23 2183.16
421.92 521.09 0.12 3245.36
458.45 583.37 0.33 2331.13
529.82 547.53 0.17 2721.62
450.90 571.71 0.23 4352.97
446.62 488.05 0.26 6187.76
469.42 436.28 0.14 2704.04
571.25 549.54 0.28 5576.14
496.86 423.93 0.32 5082.75
450.89 502.22 0.40 2835.93
452.17 521.08 0.31 5057.43
554.28 535.16 0.29 4679.39
465.39 508.18 0.21 3425.24
594.64 481.93 0.22 1672.99
572.37 549.78 0.22 6100.53
466.69 578.77 0.12 4745.66
461.74 569.18 0.15 7141.55
581.22 461.85 0.20 5073.24
385.11 492.72 0.26 5849.19
574.98 449.52 0.15 6071.99
521.23 439.45 0.17 2639.60
541.90 527.67 0.01 1765.19
571.79 514.57 0.18 5305.53
554.27 463.00 0.10 1698.75
528.41 487.09 0.30 7115.71
469.26 558.33 0.07 4021.02
519.43 457.77 0.16 2860.77
534.48 424.54 0.28 6124.32
531.10 520.14 0.12 1743.87
536.95 461.48 0.19 7972.97
498.44 436.87 0.27 7063.99
548.41 536.93 0.15 7851.58
466.17 498.93 0.10 3955.05
524.96 543.92 0.14 1501.76
524.07 521.67 0.09 3937.79
474.58 549.47 0.27 4287.00
497.37 459.59 0.09 2003.05
574.39 502.80 0.29 2652.12
540.55 540.75 0.01 5508.32
564.38 482.97 0.14 4247.26
473.37 555.48 0.06 1750.59
481.58 526.24 0.15 7180.30
447.39 522.22 0.18 5608.02
490.48 415.07 0.34 6225.48
530.46 565.54 0.13 4321.55
477.93 425.78 0.26 1950.92
541.33 508.51 0.20 7931.20
461.50 466.94 0.16 5332.91
550.69 487.07 0.14 6096.76
486.33 535.16 0.22 2193.20
533.65 498.20 0.18 2084.49
