520.60 606.42 0.24 5777.89
501.67 503.46 0.05 2086.54
444.62 547.78 0.18 3929.25
404.12 548.36 0.18 5922.20
606.57 505.07 0.39 5818.81
656.60 162.02 0.20 2578.12
439.27 597.91 0.13 6832.02
258.67 423.56 0.25 6790.80
425.70 358.09 0.22 6571.54
208.01 309.04 0.28 4314.20
393.41 668.43 0.21 6932.18
442.33 388.96 0.11 5925.84
398.01 824.21 0.26 1502.78
484.21 467.95 0.13 1560.63
665.50 521.57 0.14 4297.18
341.56 731.25 0.39 7768.63
491.47 533.08 0.22 5508.67
400.62 548.04 0.42 5663.46
421.41 374.97 0.36 6937.78
432.48 420.71 0.15 5191.85
423.22 465.34 0.37 6654.02
472.56 460.15 0.15 2260.31
422.81 184.62 0.12 6049.09
339.68 845.43 0.01 4806.69
393.01 959.87 0.06 6862.71
545.01 769.00 0.26 6823.79
289.14 566.81 0.24 4458.23
609.22 555.53 0.26 5778.10
442.44 595.19 0.15 5887.87
241.46 249.57 0.21 4550.33
548.95 384.46 0.10 4040.09
267.03 440.81 0.16 6255.76
335.19 167.63 0.09 5550.65
496.35 380.59 0.24 7815.75
589.88 492.83 0.25 5292.71
292.94 407.81 0.19 7229.21
444.97 633.13 0.13 5535.57
692.60 571.10 0.16 3009.59
784.10 1007.42 0.06 2374.13
813.90 268.61 0.35 7903.94
403.83 494.82 0.09 5121.74
577.71 278.38 0.12 5494.97
533.88 614.97 0.20 3017.50
334.09 685.40 0.29 3508.87
459.47 297.04 0.10 7650.86
392.16 455.17 0.26 7588.77
556.80 703.76 0.18 7037.15
393.79 448.44 0.20 5966.70
522.75 584.35 0.19 6543.17
351.79 535.05 0.29 3676.32
516.58 689.42 0.05 1563.89
415.60 374.73 0.09 2979.02
850.69 433.86 0.10 7194.54
484.19 627.43 0.18 5087.29
186.63 372.40 0.20 2142.50
498.31 231.25 0.26 1840.73
501.68 396.70 0.21 1589.14
391.87 610.02 0.29 7019.55
158.25 291.34 0.39 4281.18
380.06 558.01 0.02 2243.09
336.29 396.44 0.03 2485.09
449.59 679.34 0.27 5891.13
487.75 248.12 0.10 5557.08
346.16 135.72 0.26 7880.24
311.54 568.18 0.15 7983.43
502.58 318.33 0.10 2242.30
576.53 331.47 0.20 5286.37
368.07 451.55 0.19 5190.63
461.77 716.87 0.19 2515.44
381.08 555.22 0.15 2226.94
486.95 206.35 0.31 3478.22
662.12 467.31 0.12 4824.14
305.27 294.62 0.07 7613.58
559.04 753.32 0.17 3056.35
560.50 268.78 0.09 1804.26
337.56 354.51 0.20 2468.76
207.06 564.67 0.25 3744.27
436.00 445.75 0.16 5157.53
509.99 395.41 0.14 5804.04
674.18 576.41 0.38 6025.13
456.55 202.23 0.25 4161.10
659.08 352.52 0.29 4985.03
778.92 349.62 0.09 1611.64
870.62 596.49 0.01 1932.12
297.40 568.95 0.13 5786.45
413.52 429.85 0.28 5973.04
318.18 694.88 0.19 7248.95
676.58 398.45 0.21 4525.93
411.05 410.60 0.26 3114.08
496.42 638.26 0.23 2963.36
413.10 628.39 0.03 4855.11
695.48 642.76 0.25 5433.83
613.33 849.85 0.18 1647.84
618.97 560.76 0.17 2028.52
479.50 637.36 0.30 7052.52
575.09 283.30 0.47 4960.76
580.48 543.96 0.09 5785.83
622.55 793.50 0.19 4562.24
589.62 509.12 0.30 7150.68
573.17 477.97 0.14 6249.23
474.33 549.66 0.22 7166.77
461.83 378.60 0.09 7164.17
545.66 830.46 0.09 1924.31
341.65 644.68 0.30 6010.97
320.05 429.27 0.13 4863.33
453.71 558.54 0.28 2249.21
439.87 273.06 0.15 2521.89
448.15 458.93 0.35 2927.24
291.32 215.20 0.16 1777.33
492.89 430.49 0.27 5038.64
601.68 613.97 0.18 7342.52
499.01 610.18 0.03 4052.29
464.01 687.25 0.14 3609.02
558.42 429.66 0.16 5527.25
334.02 611.34 0.25 3213.96
576.44 362.34 0.26 7897.78
624.27 262.54 0.08 1810.23
401.37 440.22 0.19 3733.48
755.36 412.59 0.34 2699.80
883.66 309.39 0.27 6119.66
601.50 179.71 0.23 5537.80
704.15 396.42 0.20 5968.24
448.14 504.79 0.22 4807.23
511.82 409.93 0.28 7085.54
589.21 707.24 0.17 2796.50
534.73 421.38 0.18 4966.14
539.01 557.03 0.16 6963.69
579.43 315.65 0.19 2947.41
203.31 647.01 0.24 7576.22
522.09 434.39 0.30 3230.36
164.05 378.29 0.32 5107.95
429.48 704.81 0.31 5823.96
369.40 433.34 0.16 6008.85
456.09 621.88 0.07 1598.08
683.37 411.42 0.33 1919.70
855.96 495.12 0.09 5454.69
540.57 552.52 0.19 1730.16
491.16 480.16 0.23 3744.11
607.05 400.45 0.14 7293.18
535.56 406.00 0.13 6529.46
721.50 548.20 0.11 6354.84
497.93 552.56 0.22 4328.14
645.70 469.93 0.37 1635.17
574.68 604.54 0.28 4257.16
758.37 476.77 0.21 6893.23
308.36 561.47 0.42 7234.88
466.39 607.97 0.18 7026.27
560.68 500.21 0.18 6906.03
607.21 491.67 0.24 5857.83
615.32 423.56 0.16 7917.38
490.67 343.26 0.10 5719.60
438.24 313.69 0.20 2397.21
436.47 436.72 0.03 5689.66
505.50 527.14 0.20 7325.79
472.66 465.49 0.24 6501.79
631.35 606.04 0.27 2267.59
395.62 499.27 0.30 3858.61
580.59 349.07 0.20 4790.40
373.24 636.60 0.27 4822.46
364.48 766.82 0.09 2760.53
683.36 455.89 0.24 6935.42
541.77 625.74 0.20 7012.95
273.27 581.87 0.19 5285.83
374.55 862.85 0.16 2759.07
340.86 528.90 0.09 1911.32
317.14 577.62 0.33 6358.63
495.32 888.18 0.12 5625.32
379.00 630.05 0.17 6308.20
600.89 490.37 0.23 4755.84
621.45 397.75 0.28 6910.51
450.84 884.80 0.22 3279.64
651.70 449.18 0.13 5120.68
356.95 537.84 0.11 1892.87
483.36 513.71 0.13 6985.89
629.26 519.65 0.26 6939.29
381.70 529.87 0.16 5287.36
603.73 565.81 0.08 7863.61
407.75 483.49 0.33 3312.40
445.87 337.27 0.38 7349.10
407.10 482.67 0.23 1956.78
564.66 450.06 0.46 1715.86
631.23 429.01 0.21 2570.18
572.37 612.24 0.13 6801.02
539.22 671.74 0.27 2242.85
624.71 499.04 0.16 4556.72
543.81 369.38 0.17 2691.12
730.36 487.65 0.11 4470.82
578.75 393.48 0.23 6226.80
401.43 540.15 0.25 6840.82
198.98 396.27 0.18 3000.41
592.13 605.62 0.14 4368.92
239.01 459.39 0.20 1675.22
522.62 594.07 0.23 2754.96
472.57 796.70 0.24 7170.57
600.83 371.22 0.21 4856.39
212.18 558.63 0.25 7754.87
282.74 625.86 0.15 4597.67
582.30 532.14 0.27 6970.49
628.04 526.49 0.23 5826.97
585.38 459.84 0.34 7123.52
