460.55 592.40 0.33 1792.65
598.15 507.51 0.33 2037.12
372.13 461.99 0.11 1808.76
734.92 749.02 0.14 2447.65
334.81 236.89 0.15 6536.83
597.54 479.12 0.04 5404.29
163.56 732.74 0.22 2612.76
664.36 279.08 0.27 1629.05
540.71 756.02 0.32 7148.21
658.35 369.63 0.27 7077.14
659.57 756.11 0.17 4079.87
358.00 598.90 0.05 7700.12
849.37 423.60 0.24 3270.25
385.11 717.73 0.39 6906.89
434.62 630.34 0.24 5599.51
380.35 465.72 0.25 7490.11
585.10 501.59 0.06 4247.35
629.77 580.83 0.12 4160.55
339.37 569.23 0.18 1606.20
330.08 689.59 0.32 7562.84
612.74 488.50 0.08 5548.84
585.27 451.09 0.32 1783.87
512.16 690.72 0.23 7104.12
556.34 462.02 0.01 7288.95
350.43 224.18 0.19 3558.27
507.63 771.06 0.27 2844.13
340.46 108.90 0.18 3260.51
193.82 294.04 0.29 5176.86
411.02 534.02 0.35 6460.98
395.51 464.54 0.20 3973.95
