448.86 522.70 0.27 6773.53
504.09 529.95 0.23 4511.37
547.07 534.48 0.24 4650.21
522.95 389.70 0.26 5220.35
448.34 511.59 0.11 2765.28
548.15 492.58 0.16 3091.38
607.41 462.08 0.17 1783.98
614.34 524.91 0.17 6167.41
489.44 608.73 0.14 6006.16
605.43 484.75 0.08 3536.81
560.81 423.94 0.29 1952.35
546.50 431.31 0.22 3245.90
562.62 449.06 0.30 6380.02
513.37 437.68 0.18 3234.73
513.79 488.60 0.21 2942.00
512.02 474.16 0.16 5312.47
458.80 559.80 0.26 3969.51
462.98 486.02 0.23 3617.11
495.24 432.42 0.27 2343.28
443.09 543.74 0.29 3513.51
536.97 556.77 0.22 4526.20
480.98 468.80 0.30 7978.87
551.61 465.63 0.16 3376.87
511.19 419.97 0.25 6763.77
496.64 430.89 0.34 5114.01
473.72 484.36 0.24 1768.42
528.54 553.75 0.16 2901.83
502.00 472.40 0.05 3817.54
496.65 489.49 0.18 2067.06
516.22 482.03 0.17 5756.50
