500.10 475.31 0.19 6620.03
475.60 496.49 0.14 7890.47
596.12 423.93 0.22 2547.03
432.00 558.01 0.18 2133.12
497.56 522.81 0.06 7638.21
577.58 538.26 0.02 7231.46
521.47 503.12 0.17 3902.50
533.55 415.39 0.31 5903.13
518.61 581.59 0.23 4260.49
494.13 560.10 0.31 6280.08
540.84 517.72 0.25 1908.33
420.77 545.26 0.30 4187.35
410.35 480.40 0.29 2947.70
488.30 467.83 0.20 2004.26
565.83 479.48 0.38 2234.61
478.17 609.46 0.21 4070.01
485.46 479.20 0.34 3646.84
554.19 519.89 0.07 3333.78
509.17 466.49 0.30 6610.31
429.96 366.92 0.09 3888.02
607.44 422.21 0.26 4149.11
469.33 595.18 0.29 5828.80
546.60 546.05 0.21 4974.53
421.11 523.72 0.12 4155.04
526.07 498.37 0.08 1707.37
562.76 507.97 0.24 7385.78
477.19 426.24 0.24 3506.64
401.92 493.41 0.24 6156.26
430.80 456.79 0.07 4696.05
394.37 512.03 0.15 3037.39
538.98 452.62 0.20 4692.57
553.32 440.12 0.25 5802.90
464.89 423.03 0.06 4164.56
466.20 483.46 0.16 2026.18
493.24 577.85 0.33 7473.93
421.14 472.71 0.21 6003.64
528.33 568.53 0.27 5776.36
517.97 375.26 0.28 4433.09
467.85 533.00 0.20 6125.04
530.99 431.94 0.33 7565.33
