379.38 157.72 0.35 4926.96
553.37 585.33 0.12 7688.96
654.24 492.58 0.27 4429.72
545.57 499.16 0.27 3587.29
521.48 673.92 0.14 4949.38
793.01 648.93 0.24 3215.18
597.95 441.65 0.15 6982.37
698.15 436.78 0.17 5549.36
701.76 553.18 0.21 7635.88
629.03 669.44 0.11 4724.77
467.32 560.75 0.28 7324.99
347.02 425.18 0.26 7542.38
562.53 712.26 0.22 6742.66
533.93 569.67 0.21 2957.83
644.98 524.61 0.12 1636.35
656.20 639.79 0.26 5695.34
515.80 268.70 0.15 7965.45
543.47 544.37 0.36 7580.79
304.03 633.52 0.21 6087.86
490.88 393.03 0.16 5870.70
422.21 435.52 0.06 3101.71
413.48 580.92 0.20 5061.09
246.75 521.19 0.35 7999.04
518.01 571.76 0.16 5046.79
608.67 543.45 0.11 2350.42
484.46 312.32 0.26 4962.40
585.03 561.24 0.28 6197.89
444.77 618.98 0.01 4148.31
743.06 404.88 0.18 1937.40
296.07 564.13 0.35 4736.94
510.91 653.98 0.29 3726.59
801.91 499.75 0.26 2471.40
529.69 457.58 0.28 7558.73
427.04 544.27 0.29 7259.07
354.81 394.95 0.05 3468.55
521.04 329.93 0.20 6462.66
414.24 286.61 0.08 7654.85
694.78 475.39 0.02 3719.31
702.04 520.87 0.28 2376.62
409.18 419.68 0.37 6224.91
