404.06 401.51 0.03 7267.69
501.57 352.53 0.24 6325.88
384.66 425.84 0.07 3281.40
513.87 503.88 0.35 7806.21
605.25 631.13 0.14 2230.13
638.77 492.27 0.04 7802.66
316.23 503.26 0.36 3915.67
313.50 711.85 0.18 4037.90
344.89 487.98 0.08 4026.77
615.83 619.31 0.26 7410.70
725.30 687.86 0.30 4978.33
450.28 680.45 0.27 2027.83
779.65 527.37 0.16 4050.66
363.23 631.93 0.11 6210.20
663.79 712.62 0.17 6644.86
651.00 597.73 0.21 6151.52
376.67 268.64 0.20 3411.94
208.00 296.14 0.26 2347.65
567.17 452.03 0.24 2271.97
533.59 23.55 0.37 4379.47
416.99 311.07 0.23 2030.91
493.19 503.24 0.01 6205.73
463.96 447.05 0.27 3967.02
500.52 377.19 0.19 4104.37
718.38 551.85 0.24 6149.27
408.21 428.73 0.27 4495.20
626.81 575.28 0.17 4889.36
701.32 494.26 0.07 1509.92
819.77 484.80 0.17 5873.89
454.79 343.90 0.10 3118.40
782.76 622.70 0.04 7714.02
442.36 455.26 0.17 7415.88
835.34 383.50 0.29 4858.91
646.57 359.92 0.18 2038.47
598.60 583.25 0.21 7487.47
615.47 741.26 0.13 2773.03
388.14 557.19 0.05 5542.06
372.19 553.01 0.14 3737.94
317.20 368.10 0.08 3042.80
422.99 411.72 0.12 7009.87
725.14 520.69 0.20 4048.85
706.16 351.53 0.22 5735.79
379.48 428.96 0.14 3520.71
607.91 584.73 0.30 4947.18
392.74 271.38 0.19 6910.38
589.60 489.93 0.15 2635.26
434.60 256.30 0.02 3664.11
620.45 377.01 0.03 1530.13
457.67 657.57 0.28 4481.52
460.11 389.12 0.23 4039.48
782.06 458.08 0.01 6922.08
295.54 379.24 0.15 3512.55
425.58 530.49 0.17 1592.80
427.67 478.62 0.31 4943.64
572.00 427.48 0.15 2239.48
607.06 491.43 0.24 7491.13
444.39 555.11 0.46 7410.16
423.15 443.26 0.25 2512.86
406.44 341.44 0.25 2123.89
826.10 524.28 0.17 6468.70
482.56 650.35 0.21 2626.03
315.45 577.35 0.30 7170.01
616.94 481.91 0.28 4467.15
539.25 729.94 0.40 3900.17
744.87 452.32 0.15 4463.42
506.62 403.42 0.01 1502.02
551.69 427.00 0.09 4665.46
488.55 692.60 0.30 4766.52
428.92 425.43 0.26 2545.38
708.49 415.02 0.25 3650.54
