433.42 510.93 0.30 2746.50
610.38 594.90 0.31 5879.33
506.95 411.54 0.22 2571.37
557.80 443.62 0.10 4225.61
499.70 497.16 0.22 6113.18
482.65 472.62 0.11 4321.35
454.41 517.40 0.44 7623.15
546.45 529.62 0.34 2142.94
433.70 453.22 0.02 3292.19
548.58 532.48 0.35 5344.62
483.30 436.58 0.26 6042.15
425.60 577.58 0.18 2556.47
480.17 467.22 0.15 5488.64
508.84 578.70 0.36 5111.98
479.76 456.58 0.18 1882.94
492.48 553.78 0.08 4703.90
667.14 500.41 0.09 4177.94
444.73 403.06 0.15 6122.75
484.99 455.93 0.19 4270.42
416.02 513.11 0.06 5487.75
449.28 439.58 0.23 2498.43
466.49 474.19 0.10 6056.17
543.47 554.07 0.10 5748.90
546.09 434.67 0.24 2551.64
537.11 468.00 0.18 7200.86
406.16 456.01 0.41 3806.53
468.66 423.71 0.29 2383.48
524.04 547.02 0.11 4712.48
497.62 455.57 0.20 5464.30
486.32 521.30 0.10 1522.11
475.88 513.51 0.14 5221.75
427.58 546.87 0.06 2325.23
542.72 524.47 0.15 7704.69
483.86 496.35 0.05 2574.87
548.88 459.63 0.34 6040.59
481.08 471.51 0.08 2043.66
502.46 556.16 0.04 4326.21
517.21 530.23 0.24 4826.03
564.32 544.74 0.29 7139.47
460.36 559.82 0.14 6346.07
545.81 460.82 0.10 4743.32
504.83 565.84 0.14 7402.25
580.55 477.51 0.30 7898.53
515.28 473.40 0.16 2706.51
551.30 419.89 0.10 7164.93
524.88 526.60 0.38 7612.98
542.05 481.09 0.24 4267.15
462.28 523.28 0.12 4380.79
579.95 510.20 0.19 7102.13
397.67 570.14 0.05 7208.69
569.52 575.54 0.27 6262.13
442.21 422.01 0.11 3979.73
445.98 492.24 0.18 7854.44
531.40 486.91 0.13 2917.76
431.89 568.69 0.10 2223.79
519.27 542.85 0.13 7255.95
503.02 450.29 0.22 4055.15
484.06 477.42 0.25 7999.08
506.89 492.39 0.30 2362.23
410.81 572.81 0.12 4159.78
528.81 432.79 0.11 7542.33
441.73 509.72 0.36 7053.76
513.53 458.16 0.05 3584.15
534.83 358.67 0.30 5260.33
508.46 526.29 0.29 7212.29
493.38 473.62 0.12 7922.64
460.90 443.57 0.26 6545.13
502.06 429.73 0.33 7414.11
398.48 466.27 0.12 4637.42
502.92 421.20 0.08 7895.14
