782.64 1427.02 1160.13 0.44 
838.46 758.21 662.54 0.50 
547.63 883.30 840.70 0.57 
765.46 1142.71 1212.76 0.24 
848.09 691.96 2243.53 0.33 
947.36 1138.32 1375.65 0.37 
1158.84 789.25 1154.54 0.41 
658.59 1128.14 1676.91 0.38 
803.18 752.77 1513.36 0.63 
1186.06 1485.06 1044.24 0.42 
823.83 1370.33 1093.59 0.43 
708.72 894.26 2229.34 0.35 
1170.44 808.95 1300.97 0.38 
704.91 681.09 2360.99 0.46 
573.67 961.68 1205.31 0.37 
739.17 626.08 1460.43 0.28 
1087.31 749.83 1264.85 0.46 
968.53 723.08 2419.85 0.29 
948.85 714.71 1569.08 0.44 
719.15 660.18 744.30 0.53 
738.22 681.07 1660.22 0.43 
