976.11 894.66 595.28 0.45 
1128.46 1013.70 2235.65 0.44 
578.89 744.13 1050.02 0.29 
637.12 572.54 1822.72 0.40 
839.17 1050.76 1602.64 0.53 
995.10 1550.97 1366.09 0.57 
594.92 649.98 1347.62 0.43 
648.91 1066.21 1876.47 0.45 
750.10 875.02 1228.86 0.31 
864.24 705.19 1879.35 0.42 
983.36 1080.92 1733.61 0.52 
717.47 667.06 1616.60 0.47 
1420.51 699.54 805.89 0.18 
683.92 893.46 1169.82 0.41 
654.61 580.75 1338.65 0.36 
1178.59 717.43 1142.55 0.28 
740.29 757.38 1993.35 0.40 
674.19 541.02 2010.62 0.43 
860.27 562.47 863.95 0.33 
797.93 999.25 2109.15 0.31 
1237.31 1112.09 1866.84 0.55 
1100.49 876.35 1502.39 0.33 
798.98 704.80 2791.97 0.40 
911.16 796.18 1728.69 0.18 
652.98 551.95 1803.10 0.56 
1062.07 1412.15 1601.52 0.46 
882.66 557.46 640.01 0.46 
630.34 699.09 1201.97 0.23 
822.30 754.40 2460.17 0.21 
1078.48 897.44 2117.02 0.22 
618.82 1194.41 1347.41 0.40 
582.72 765.53 2089.64 0.48 
836.85 619.79 951.66 0.37 
756.78 720.75 1475.10 0.20 
832.42 662.52 1230.54 0.25 
683.32 1337.46 1978.44 0.45 
650.15 946.65 1754.05 0.32 
774.16 821.57 2277.32 0.18 
600.41 580.98 1115.85 0.44 
692.37 976.21 1059.45 0.33 
937.11 711.32 1151.55 0.60 
1034.05 730.47 2095.46 0.35 
789.88 999.88 770.39 0.21 
866.38 988.60 811.35 0.63 
694.36 765.49 703.26 0.19 
715.87 883.64 2243.90 0.55 
1281.80 904.96 856.52 0.38 
782.23 835.58 1499.98 0.36 
951.48 1229.19 645.82 0.29 
642.21 829.79 598.38 0.57 
638.39 655.23 1359.41 0.48 
665.09 781.55 1143.46 0.23 
824.04 550.21 1795.74 0.20 
829.74 850.87 1028.53 0.34 
572.28 734.13 2398.14 0.46 
672.39 1009.41 2654.28 0.41 
890.14 912.25 1513.02 0.27 
601.46 832.06 1105.15 0.46 
810.25 722.35 1073.69 0.49 
646.72 1194.92 1839.06 0.43 
717.02 767.50 1082.76 0.38 
673.51 847.67 758.92 0.47 
584.04 554.45 1280.50 0.51 
541.70 629.64 1976.09 0.34 
858.26 852.70 751.09 0.26 
813.24 744.15 1669.85 0.32 
737.47 1288.66 947.65 0.32 
822.03 631.58 875.14 0.31 
880.73 971.23 819.39 0.36 
967.94 670.35 1833.04 0.34 
883.41 924.22 785.87 0.33 
783.78 603.84 1591.33 0.52 
597.99 540.61 1431.47 0.47 
826.64 966.85 1631.60 0.47 
707.96 847.62 1917.49 0.46 
561.46 947.90 552.42 0.37 
655.65 589.92 891.07 0.34 
1583.68 1044.82 2099.68 0.62 
1462.44 780.73 1478.84 0.44 
746.47 909.95 1010.04 0.41 
650.91 1041.15 1022.32 0.45 
771.79 666.98 1448.66 0.41 
561.49 760.73 611.02 0.46 
603.19 881.59 608.90 0.46 
850.01 856.52 1632.10 0.48 
622.49 797.37 1258.54 0.47 
964.69 614.78 744.94 0.35 
793.17 616.70 1751.88 0.50 
995.22 582.16 1000.63 0.62 
792.74 739.53 1471.31 0.54 
633.07 825.80 1593.00 0.28 
632.63 655.59 1044.87 0.60 
623.55 1075.41 1941.35 0.49 
709.63 651.20 887.84 0.41 
1014.74 948.23 1257.67 0.45 
637.38 563.17 1003.27 0.56 
716.73 800.27 1641.05 0.31 
1037.93 1120.15 912.04 0.33 
598.69 564.92 1306.23 0.44 
824.64 668.35 2210.62 0.60 
729.75 956.05 1151.44 0.46 
1158.93 745.29 1869.46 0.46 
746.50 623.90 2538.63 0.36 
949.82 569.08 1074.12 0.39 
571.96 802.99 1128.04 0.25 
905.28 955.32 1530.38 0.33 
787.43 632.01 656.41 0.47 
645.56 693.38 573.96 0.53 
1283.34 606.57 1373.88 0.25 
719.53 591.02 1233.81 0.53 
594.12 812.22 1171.25 0.45 
631.68 1066.23 1146.36 0.35 
1510.79 1122.98 2392.10 0.47 
998.65 881.99 1997.81 0.41 
1274.77 748.75 2505.10 0.40 
752.19 874.60 888.94 0.33 
1140.53 814.50 1720.79 0.37 
866.23 918.00 2190.79 0.50 
553.40 683.62 1477.09 0.29 
1163.81 1040.21 1104.50 0.26 
1031.26 989.27 2017.26 0.45 
974.62 916.67 1630.35 0.42 
591.22 815.55 1586.49 0.54 
545.07 1018.92 1736.11 0.31 
732.74 624.79 994.19 0.24 
1562.22 582.01 1047.98 0.43 
834.27 845.49 1094.19 0.51 
570.73 1068.50 1138.20 0.29 
609.81 886.00 1195.92 0.18 
730.97 773.79 1535.52 0.55 
697.67 571.45 1358.95 0.41 
623.11 563.42 1078.43 0.50 
779.72 710.97 2239.61 0.35 
648.81 834.39 1594.09 0.37 
659.48 1036.48 1487.30 0.54 
1148.32 728.48 1216.41 0.42 
565.17 903.51 1242.13 0.42 
736.20 1079.28 1568.69 0.40 
934.00 623.75 894.72 0.51 
767.16 561.50 1949.26 0.51 
1208.53 655.25 831.57 0.14 
551.22 748.62 1324.49 0.41 
973.97 768.77 957.51 0.40 
941.99 707.59 930.46 0.43 
1167.29 952.29 1895.78 0.49 
1173.90 897.86 723.07 0.40 
562.83 723.82 2116.04 0.54 
591.05 992.81 928.02 0.28 
618.85 891.36 1222.92 0.24 
574.00 856.59 1537.64 0.50 
1102.28 817.54 1203.93 0.50 
