646.66 696.91 2412.30 0.26 
966.14 1206.82 711.50 0.42 
698.19 1038.04 757.85 0.28 
1051.37 1175.58 1379.41 0.28 
1154.56 616.59 1078.84 0.31 
763.09 848.85 2042.62 0.54 
789.90 900.94 2255.80 0.43 
1006.59 684.47 1421.37 0.44 
713.28 806.27 1240.10 0.52 
696.52 571.16 2147.98 0.35 
712.05 1003.05 2004.68 0.16 
709.82 601.58 1445.01 0.58 
799.88 591.87 1838.35 0.48 
787.49 773.12 1902.60 0.55 
598.65 939.99 2484.92 0.25 
958.72 588.36 1653.76 0.40 
844.75 1174.20 856.06 0.29 
690.20 726.32 1290.92 0.44 
1003.38 934.06 1719.59 0.38 
1169.46 812.76 763.94 0.38 
637.86 743.46 1600.97 0.39 
1272.44 781.36 1779.44 0.46 
731.76 635.84 1824.45 0.43 
709.47 675.11 1441.05 0.33 
866.68 735.17 1380.20 0.40 
754.35 681.37 1136.00 0.45 
1175.28 743.32 1361.48 0.38 
603.46 1093.17 1120.16 0.38 
606.60 666.22 900.74 0.53 
930.74 669.40 1319.57 0.33 
1008.28 584.31 1269.12 0.27 
979.06 989.10 2148.83 0.33 
798.11 858.32 2182.97 0.62 
916.81 562.02 2188.39 0.25 
1063.82 635.16 615.38 0.50 
936.29 963.11 1271.70 0.60 
772.97 849.99 2367.16 0.45 
819.63 909.99 861.12 0.51 
665.83 1067.59 708.82 0.50 
979.12 841.32 794.22 0.37 
791.65 1266.66 2334.68 0.35 
872.50 857.82 2534.06 0.50 
915.83 555.96 2075.71 0.44 
1548.06 600.36 1838.93 0.27 
958.76 807.41 2911.77 0.38 
851.69 866.93 1394.38 0.44 
716.78 626.33 1048.10 0.46 
916.77 751.90 1378.83 0.39 
772.24 896.30 1548.54 0.57 
906.05 986.36 1999.32 0.28 
851.44 546.18 1971.08 0.46 
951.60 839.81 1390.19 0.48 
706.00 729.74 1272.24 0.52 
909.18 827.10 1663.45 0.46 
949.47 663.09 2298.13 0.26 
1304.95 736.47 781.23 0.43 
689.20 909.65 1758.99 0.33 
672.09 729.51 2265.49 0.25 
1329.50 720.71 1230.31 0.30 
768.03 747.38 798.64 0.40 
684.41 586.18 1787.74 0.48 
637.20 688.57 1675.45 0.52 
1641.82 1265.50 1210.17 0.48 
847.95 929.76 838.26 0.52 
649.29 780.89 1321.98 0.45 
1063.98 697.30 1780.41 0.32 
719.80 547.33 1190.74 0.45 
916.01 822.09 852.82 0.53 
549.73 592.25 870.53 0.31 
594.19 789.23 2329.03 0.31 
663.56 1035.87 1116.37 0.21 
799.16 674.12 2071.34 0.55 
977.31 683.57 2600.00 0.39 
624.81 811.37 1283.58 0.29 
562.90 908.79 1364.35 0.42 
947.92 1078.71 1008.43 0.29 
744.13 674.00 2645.70 0.51 
993.39 637.58 1527.97 0.39 
720.10 1042.59 1221.64 0.52 
1334.27 554.14 891.92 0.53 
927.63 738.46 1374.44 0.54 
1193.17 854.26 1361.01 0.42 
790.97 978.50 2006.88 0.49 
668.60 625.79 2076.29 0.38 
703.11 559.26 722.33 0.35 
1155.27 555.86 1762.59 0.37 
593.66 648.47 1679.66 0.48 
1130.84 995.05 1109.75 0.32 
878.22 1043.42 972.63 0.54 
612.66 950.00 1198.44 0.47 
1066.93 590.68 1514.56 0.39 
