686.52 698.65 1572.13 0.52 
711.46 1065.34 1362.84 0.36 
804.11 668.36 1391.39 0.37 
658.57 618.55 1876.69 0.44 
765.58 577.66 849.96 0.28 
947.57 1080.35 2886.39 0.62 
737.77 771.07 1368.23 0.44 
738.79 583.25 1280.35 0.57 
814.26 999.20 1930.59 0.49 
614.04 821.60 1964.76 0.29 
764.52 656.72 613.96 0.34 
705.58 553.65 1803.20 0.44 
875.97 580.61 973.39 0.36 
801.92 747.54 2833.29 0.34 
1027.73 810.19 1742.12 0.33 
803.81 590.22 1406.15 0.41 
860.81 575.60 1049.58 0.50 
801.47 759.40 1682.17 0.50 
968.18 589.33 1574.33 0.37 
925.31 845.55 1335.12 0.28 
1667.58 625.68 1072.35 0.45 
622.35 665.95 1991.65 0.40 
933.15 633.86 1637.69 0.30 
949.29 854.40 976.22 0.47 
583.95 745.61 1031.41 0.29 
627.75 1195.50 2280.36 0.70 
1088.75 831.32 1523.58 0.44 
1288.57 1300.55 2661.74 0.42 
673.19 1492.86 1006.24 0.36 
540.05 1090.21 921.74 0.46 
557.14 562.41 910.82 0.55 
1610.33 938.48 866.16 0.45 
1366.91 675.76 1975.20 0.41 
851.08 1263.17 1436.33 0.31 
696.37 843.76 2500.12 0.35 
1160.20 931.08 1436.34 0.32 
643.89 545.54 1952.71 0.38 
748.87 810.06 1204.35 0.42 
785.48 545.26 1341.29 0.58 
892.84 879.18 1204.15 0.30 
1106.47 563.66 1203.02 0.44 
1072.64 582.59 2429.16 0.40 
1059.53 933.68 1386.78 0.56 
771.01 639.34 930.29 0.30 
639.32 780.97 1202.54 0.50 
721.32 625.74 1060.76 0.53 
804.83 570.24 2207.53 0.37 
643.54 627.11 1377.45 0.32 
846.21 677.06 1461.43 0.56 
861.64 935.75 2132.41 0.48 
865.01 1258.50 1929.99 0.25 
763.46 994.00 1306.07 0.41 
632.73 1136.90 949.62 0.51 
553.69 997.75 2121.52 0.40 
699.22 853.62 906.55 0.44 
658.71 1011.51 1703.97 0.43 
811.32 1036.99 1244.21 0.42 
547.94 633.54 2454.05 0.37 
882.85 914.72 634.83 0.36 
690.90 646.10 1228.83 0.41 
637.84 801.36 879.32 0.48 
1095.61 1018.31 1800.04 0.25 
937.50 1072.31 901.29 0.58 
655.48 540.14 1911.84 0.45 
888.45 763.80 1465.68 0.38 
806.25 847.81 1552.89 0.23 
1278.68 830.74 1607.77 0.47 
823.92 1021.03 657.89 0.33 
1372.45 667.52 1788.66 0.34 
550.76 919.35 1722.97 0.45 
848.55 697.04 1094.66 0.52 
784.80 819.62 1109.26 0.42 
544.76 675.76 2039.28 0.31 
957.55 677.67 1174.22 0.37 
882.59 760.36 2129.59 0.34 
637.06 985.40 1748.30 0.46 
638.37 1042.92 1636.04 0.29 
695.23 709.35 1024.77 0.47 
1249.54 584.03 1545.51 0.39 
1128.50 774.13 716.16 0.54 
581.42 906.21 2486.34 0.33 
902.03 640.74 1750.23 0.51 
853.23 863.96 1968.50 0.38 
754.66 922.54 1254.81 0.52 
662.62 973.63 1158.39 0.52 
754.43 646.27 1416.96 0.35 
929.16 586.04 1653.36 0.53 
1017.60 745.60 765.13 0.34 
728.65 677.01 966.14 0.46 
825.34 766.10 1512.44 0.27 
581.89 833.39 1155.00 0.48 
1114.09 555.42 1464.01 0.51 
568.07 940.89 1870.70 0.31 
1043.37 788.04 690.31 0.39 
731.73 860.10 983.34 0.32 
591.47 583.88 752.96 0.46 
747.16 591.10 570.77 0.48 
888.37 1170.51 889.55 0.47 
574.41 618.79 958.71 0.39 
594.45 546.88 1479.34 0.41 
893.39 786.99 649.57 0.20 
756.40 744.37 950.99 0.53 
862.90 576.25 1342.08 0.52 
592.21 592.72 2400.15 0.19 
548.52 750.78 1746.59 0.43 
614.47 858.49 1016.93 0.25 
555.27 1053.08 1065.73 0.52 
557.19 866.67 753.12 0.40 
1017.68 566.91 1136.97 0.51 
633.30 1017.84 1240.08 0.48 
625.82 969.90 795.54 0.34 
650.14 903.72 1461.93 0.41 
810.33 913.07 1290.61 0.31 
804.19 1646.90 1159.22 0.45 
667.15 1140.65 1748.88 0.28 
615.26 895.80 922.45 0.70 
877.96 1004.71 1834.26 0.46 
867.86 616.28 2339.82 0.17 
822.05 892.57 2078.80 0.39 
607.41 736.77 1282.34 0.69 
608.45 643.79 1155.97 0.45 
658.98 572.87 1488.49 0.42 
1242.58 620.02 1170.05 0.49 
589.15 851.63 552.15 0.54 
846.42 819.97 1409.72 0.42 
1090.25 684.47 1504.68 0.47 
836.80 658.81 1317.48 0.33 
753.60 1672.42 2006.34 0.33 
834.59 821.88 2300.73 0.30 
1188.23 600.24 1520.22 0.43 
621.08 750.55 1318.34 0.66 
558.36 705.41 799.58 0.30 
927.05 569.66 1767.26 0.57 
748.49 892.24 3239.36 0.54 
1005.00 614.22 605.17 0.59 
658.89 1384.87 1059.62 0.34 
540.15 1051.94 1545.02 0.33 
911.20 673.55 798.71 0.47 
905.66 728.07 1143.69 0.48 
1070.75 868.80 1445.70 0.41 
802.29 778.44 1978.88 0.31 
581.61 926.89 1874.83 0.37 
680.12 709.05 1467.44 0.35 
691.38 699.73 1243.24 0.46 
730.00 656.09 1312.41 0.40 
1184.49 605.49 1535.69 0.31 
1067.72 840.83 711.93 0.30 
1147.54 713.63 1563.10 0.61 
649.03 635.21 1071.94 0.39 
714.83 799.77 1625.15 0.41 
542.25 915.74 1535.49 0.39 
597.24 598.61 595.31 0.52 
646.41 676.34 1434.09 0.34 
1071.52 653.83 2852.08 0.63 
1032.95 865.69 2079.49 0.37 
767.20 1026.87 2369.77 0.36 
1188.87 695.88 780.14 0.43 
671.64 696.38 1977.34 0.35 
605.59 727.40 2373.17 0.29 
815.58 751.09 1269.16 0.56 
825.64 627.94 1905.31 0.52 
755.52 743.04 1239.08 0.21 
680.98 664.28 1089.62 0.39 
592.39 693.82 1551.38 0.30 
674.50 722.24 1034.83 0.40 
1137.52 988.44 1406.48 0.49 
597.93 682.96 1649.48 0.46 
1044.69 834.47 540.12 0.61 
547.44 681.30 626.24 0.41 
833.88 946.83 2381.80 0.36 
888.27 590.83 1253.88 0.29 
698.36 550.63 2248.31 0.41 
957.74 1003.68 1322.50 0.51 
845.38 1044.36 1251.74 0.33 
896.81 933.48 1271.91 0.45 
784.16 996.32 1247.67 0.77 
1206.49 699.28 2840.32 0.32 
620.71 1336.26 2404.31 0.35 
1206.97 643.97 1855.01 0.41 
1077.97 783.98 1403.87 0.51 
742.75 860.35 2781.39 0.46 
841.84 648.89 1030.60 0.59 
585.20 794.25 1295.65 0.51 
722.94 1239.64 795.08 0.48 
552.70 576.20 547.77 0.36 
898.71 790.04 1379.57 0.46 
768.78 841.87 2408.78 0.42 
619.92 874.01 586.06 0.35 
635.03 595.75 892.25 0.40 
607.05 806.23 1362.71 0.32 
1159.82 902.25 2094.06 0.41 
795.72 705.14 994.68 0.38 
1121.83 936.71 2008.79 0.46 
867.01 544.10 1842.90 0.35 
772.16 1372.05 1217.11 0.30 
607.36 545.01 1326.42 0.40 
980.05 657.30 1917.10 0.51 
733.31 655.40 1934.85 0.41 
891.51 1024.60 1030.11 0.28 
606.05 681.85 1621.56 0.45 
622.47 1240.46 1306.84 0.44 
