997.05 1442.56 1435.51 0.37 
1071.29 1044.78 1052.00 0.26 
712.89 1268.82 2444.79 0.33 
676.90 765.50 1888.93 0.48 
567.20 578.37 2367.25 0.40 
757.53 551.16 1709.88 0.39 
889.86 614.36 1832.07 0.44 
704.00 760.69 1317.56 0.35 
589.45 583.02 2018.68 0.56 
1120.16 672.13 1373.56 0.17 
1087.09 667.74 1245.70 0.37 
1089.18 838.47 1204.45 0.43 
600.53 874.37 1748.84 0.47 
757.42 544.49 1300.32 0.32 
712.52 625.43 2462.64 0.47 
545.97 581.79 1748.24 0.20 
648.77 723.59 3011.54 0.34 
1368.22 554.18 1737.89 0.33 
828.38 1323.80 2657.99 0.31 
851.05 825.07 928.41 0.39 
875.02 1296.58 2898.83 0.27 
751.98 598.03 933.98 0.46 
904.82 1107.03 2713.94 0.34 
830.35 696.87 901.69 0.28 
872.60 790.91 1859.26 0.40 
1035.26 862.65 1242.02 0.37 
751.40 837.02 952.09 0.26 
1325.33 1054.70 2092.77 0.19 
727.70 586.70 1433.46 0.15 
852.87 757.18 1530.20 0.47 
720.48 661.94 1926.60 0.40 
