576.88 974.74 1460.88 0.48 
1200.60 1119.53 1589.21 0.29 
547.46 890.83 2499.26 0.36 
565.73 633.05 1062.20 0.40 
604.98 717.72 1069.66 0.31 
666.58 899.81 2029.08 0.50 
713.58 918.24 716.37 0.30 
887.41 1259.80 993.56 0.34 
581.97 910.54 2279.67 0.30 
775.48 597.44 1117.07 0.46 
718.54 625.40 903.49 0.57 
681.83 561.48 1054.15 0.44 
652.98 783.94 1088.13 0.56 
609.52 1140.08 1326.04 0.41 
702.88 598.28 1010.42 0.42 
771.73 702.70 3149.10 0.43 
834.79 683.81 1539.93 0.42 
542.22 791.05 3399.39 0.31 
621.36 728.74 1718.69 0.39 
685.88 775.56 2650.30 0.60 
1118.11 966.36 1749.34 0.36 
1361.47 956.91 1727.72 0.16 
745.09 641.90 1748.18 0.34 
757.02 618.90 612.90 0.49 
1102.36 1297.65 2405.97 0.32 
593.58 669.54 1348.18 0.45 
1236.51 1107.12 2817.81 0.37 
566.70 950.68 681.76 0.36 
600.52 598.38 603.99 0.41 
557.66 676.24 1345.77 0.43 
747.71 791.40 2686.09 0.41 
688.49 802.50 1284.76 0.37 
997.99 553.73 578.28 0.51 
1209.81 892.16 1367.80 0.41 
627.77 590.62 1688.15 0.47 
750.07 543.72 1413.69 0.52 
898.70 1024.80 1302.37 0.44 
1057.87 896.93 1830.00 0.57 
574.00 605.80 2085.93 0.34 
627.55 943.73 2579.35 0.33 
1631.09 788.13 785.05 0.44 
946.60 900.71 1039.92 0.39 
740.67 805.67 1130.34 0.49 
799.60 542.71 2085.56 0.62 
595.35 1005.60 1891.40 0.37 
625.45 912.51 1193.50 0.36 
1151.40 546.91 1262.29 0.38 
1287.32 567.06 1397.74 0.34 
952.90 665.20 1370.30 0.47 
884.15 585.13 2290.42 0.34 
1401.22 1083.87 634.76 0.60 
1013.13 604.49 2778.35 0.44 
554.55 747.46 1564.36 0.43 
833.70 740.93 1788.32 0.38 
747.67 623.08 794.26 0.34 
723.95 817.03 713.87 0.43 
548.45 877.24 1030.60 0.45 
766.48 1056.60 2076.34 0.34 
678.43 704.04 1492.92 0.34 
797.76 733.95 1672.27 0.48 
859.86 879.33 1407.24 0.57 
569.56 1036.75 1528.79 0.23 
791.11 1285.38 1192.22 0.32 
802.59 1215.80 1666.94 0.47 
607.22 1057.55 1004.86 0.52 
832.02 766.75 2108.84 0.31 
800.87 841.45 1099.52 0.32 
649.23 651.65 2104.95 0.40 
661.49 687.72 861.53 0.36 
638.50 953.05 1399.01 0.32 
734.28 901.92 1853.29 0.51 
566.08 1284.44 1940.40 0.40 
639.93 820.65 1637.93 0.55 
1430.77 756.69 834.29 0.45 
758.00 859.38 1754.75 0.45 
897.87 546.47 1104.57 0.41 
646.37 719.34 2224.66 0.34 
1417.47 710.25 1494.52 0.43 
869.85 697.94 1709.58 0.35 
919.85 752.34 1973.20 0.48 
607.84 1545.49 975.39 0.26 
