1133.94 618.90 1375.52 0.44 
855.02 793.27 1823.44 0.50 
922.87 686.50 2503.73 0.23 
1109.59 1037.07 2295.76 0.30 
1252.34 775.21 1268.20 0.44 
842.39 631.40 823.53 0.38 
687.59 1172.26 2567.70 0.46 
848.77 608.41 1913.11 0.33 
766.69 909.25 2116.04 0.37 
729.69 726.58 1128.65 0.31 
716.36 603.89 835.81 0.44 
885.63 666.03 1193.01 0.56 
549.35 804.19 874.50 0.34 
971.16 638.19 1779.86 0.38 
553.80 1162.96 2135.92 0.46 
1120.42 551.75 2231.27 0.55 
1558.42 829.98 1610.90 0.38 
687.25 1582.83 1822.68 0.36 
1031.19 555.41 1037.61 0.40 
590.38 856.43 882.30 0.45 
706.91 636.84 720.38 0.39 
1188.40 636.50 1943.66 0.42 
672.53 576.88 934.40 0.58 
720.87 664.06 2132.58 0.51 
1144.36 586.37 1499.73 0.21 
941.43 1017.84 1241.53 0.35 
986.11 697.51 1450.80 0.56 
668.59 671.32 1795.80 0.36 
999.91 855.31 755.20 0.38 
764.71 836.20 2563.85 0.48 
1044.57 571.15 1416.18 0.31 
635.93 948.28 652.56 0.39 
1001.81 1150.98 940.17 0.41 
727.83 853.70 1714.43 0.40 
630.60 1210.62 1485.71 0.34 
1104.64 555.76 1713.56 0.53 
832.82 761.12 1042.74 0.40 
905.76 575.51 914.67 0.22 
1262.19 777.36 830.71 0.41 
889.54 589.85 1189.63 0.48 
714.80 755.70 1595.28 0.49 
955.44 806.32 1585.32 0.47 
869.97 714.22 678.11 0.38 
1493.13 1134.60 1754.05 0.30 
1091.78 972.39 1199.46 0.30 
680.13 616.70 1190.43 0.47 
686.94 731.10 1026.44 0.51 
816.06 732.69 1082.78 0.34 
731.36 1256.19 1292.89 0.48 
618.65 796.40 1241.13 0.49 
608.54 1009.77 1293.03 0.25 
856.22 843.56 802.01 0.40 
682.47 702.50 2132.76 0.32 
1345.01 598.88 1833.82 0.26 
903.44 1069.39 1725.70 0.39 
705.53 758.59 1224.64 0.45 
758.22 981.24 1767.54 0.46 
1273.47 992.35 809.00 0.43 
673.71 574.88 2439.01 0.41 
1414.66 741.52 1468.02 0.48 
704.05 730.93 1161.82 0.43 
560.66 714.94 2105.28 0.36 
667.24 632.85 1918.64 0.48 
626.30 934.18 1516.24 0.30 
605.45 626.67 1136.72 0.52 
816.03 648.94 2050.16 0.51 
604.51 992.76 1608.28 0.26 
776.05 802.76 1748.98 0.45 
1167.51 718.12 1374.74 0.32 
605.48 999.83 1810.69 0.32 
798.03 880.63 2249.70 0.28 
554.53 580.96 1642.27 0.39 
564.37 855.00 2027.01 0.23 
905.22 716.27 1017.06 0.38 
694.30 933.02 850.08 0.40 
899.09 856.01 570.80 0.37 
836.35 1116.60 844.76 0.40 
654.07 798.51 1225.77 0.58 
1026.28 661.58 739.60 0.37 
1814.41 646.81 599.30 0.51 
1269.30 1092.14 2302.79 0.35 
626.41 867.41 1414.40 0.46 
1065.24 1108.36 2024.53 0.57 
832.32 695.37 2326.39 0.47 
700.55 770.85 746.85 0.48 
911.76 1379.37 1041.99 0.42 
552.88 776.50 655.69 0.25 
605.27 632.58 656.83 0.33 
995.48 951.00 2064.09 0.35 
1689.24 793.92 1406.26 0.48 
555.10 614.92 2480.24 0.59 
1298.25 565.39 2073.24 0.29 
719.48 1056.07 1652.45 0.44 
839.69 1482.85 2224.23 0.44 
602.12 992.09 655.07 0.27 
957.43 1030.02 956.17 0.47 
964.49 656.11 903.70 0.43 
1068.80 648.99 1320.46 0.43 
855.27 571.15 567.56 0.36 
1061.59 982.99 1752.39 0.53 
664.84 864.48 1504.72 0.41 
