827.15 887.51 1717.24 0.24 
921.17 618.88 1445.79 0.44 
855.56 991.83 1618.97 0.32 
584.22 966.64 3059.61 0.48 
565.44 552.66 795.67 0.37 
571.63 814.96 1311.79 0.21 
964.53 567.59 1467.14 0.46 
686.41 708.99 1736.51 0.34 
806.83 1169.35 785.15 0.23 
728.06 695.08 1513.67 0.41 
1368.20 648.44 1855.42 0.21 
880.72 700.90 1487.48 0.37 
1323.81 654.67 1066.36 0.34 
1148.78 669.67 1896.27 0.34 
1229.61 742.49 813.44 0.40 
971.36 690.79 1144.97 0.45 
657.82 540.52 1371.28 0.33 
1059.30 552.65 2390.09 0.57 
1025.93 703.43 787.83 0.40 
648.08 986.01 1416.87 0.27 
872.72 587.08 3083.53 0.42 
706.46 785.30 1614.10 0.43 
1131.99 601.48 997.55 0.56 
851.00 629.29 1064.84 0.21 
706.96 859.74 2480.54 0.38 
690.76 666.73 1808.14 0.42 
948.25 627.59 2470.81 0.50 
816.44 1237.90 1557.00 0.40 
625.92 746.71 2137.04 0.38 
866.48 1085.14 1159.94 0.20 
1019.60 726.56 1431.25 0.41 
832.19 602.00 1515.37 0.58 
919.85 873.08 1210.29 0.61 
1098.98 663.02 3115.68 0.28 
1031.50 821.03 1009.89 0.21 
821.47 1229.86 2575.41 0.34 
557.43 1141.41 686.61 0.15 
585.89 594.53 2349.70 0.48 
635.50 1023.22 1457.49 0.37 
972.05 982.31 1090.97 0.38 
858.25 817.05 1122.19 0.49 
642.73 581.37 1047.65 0.23 
641.81 1078.58 814.44 0.33 
589.91 610.70 1282.61 0.52 
611.42 1088.23 1810.61 0.44 
941.67 562.25 1377.90 0.24 
565.66 603.94 2930.76 0.34 
641.81 785.10 1975.04 0.45 
680.90 637.81 1268.94 0.56 
601.06 704.95 1547.38 0.57 
854.48 664.52 1676.36 0.43 
925.93 567.76 1560.91 0.47 
654.73 1054.29 1765.95 0.27 
567.03 888.55 2477.68 0.36 
559.29 702.19 1135.93 0.25 
672.35 656.68 600.40 0.50 
763.32 610.15 1529.57 0.31 
743.47 663.85 1299.27 0.37 
1257.52 606.01 1573.40 0.46 
698.95 1375.77 731.66 0.46 
820.06 722.43 2546.43 0.27 
1368.52 579.06 1943.26 0.40 
663.86 773.93 3450.64 0.48 
625.74 605.43 1005.28 0.36 
689.64 951.43 1539.21 0.53 
787.86 816.82 585.01 0.53 
672.74 1080.95 984.65 0.37 
1237.48 770.66 2640.33 0.39 
649.18 647.83 1052.00 0.41 
748.38 1168.15 956.86 0.17 
880.54 816.43 1319.50 0.29 
