1207.49 869.39 1378.38 0.37 
693.30 636.12 598.76 0.32 
841.45 953.91 2036.48 0.22 
908.88 597.95 818.24 0.36 
750.56 874.10 803.16 0.33 
784.50 772.08 2086.21 0.48 
775.44 807.65 841.61 0.46 
1567.71 668.75 1619.36 0.50 
837.70 676.96 973.90 0.22 
738.98 778.47 1345.65 0.52 
1193.13 637.52 1336.61 0.42 
988.98 1031.30 1031.85 0.49 
691.56 848.14 1472.93 0.45 
877.34 637.66 1243.49 0.37 
855.79 621.10 943.23 0.29 
732.00 612.49 1442.57 0.24 
574.43 814.32 1938.64 0.37 
732.20 755.92 1051.11 0.33 
1083.45 712.93 2809.30 0.36 
999.15 822.13 1002.71 0.26 
723.87 614.96 1261.52 0.47 
1243.30 994.10 935.91 0.28 
805.22 1618.58 3150.72 0.39 
762.66 652.98 833.62 0.43 
634.51 889.77 2129.88 0.23 
1094.16 559.68 585.29 0.53 
629.03 573.81 1550.53 0.44 
673.34 563.89 1158.62 0.36 
1009.21 935.64 826.22 0.34 
677.97 571.56 1174.36 0.42 
1239.08 841.14 1932.63 0.45 
717.93 1039.22 2712.88 0.37 
563.98 1431.29 1863.07 0.32 
1574.06 626.87 2347.23 0.41 
818.25 1267.76 1114.74 0.51 
1051.10 607.98 1207.43 0.36 
810.75 763.55 554.87 0.31 
1039.72 1004.06 1551.42 0.77 
610.65 729.74 1538.27 0.40 
1034.88 683.58 559.59 0.44 
828.22 570.87 1407.57 0.51 
