503.21 420.48 0.06 3575.51
292.81 80.34 0.42 3487.68
630.55 343.60 0.13 7448.42
837.16 314.88 0.14 5793.21
973.93 151.30 0.12 7786.22
365.09 524.33 0.20 4293.93
943.50 618.09 0.14 6201.81
934.37 666.83 0.28 3959.24
823.20 354.35 0.07 5529.60
715.60 557.06 0.29 3429.24
356.72 124.61 0.16 4972.06
533.26 818.56 0.15 6759.57
895.69 179.04 0.26 2445.54
121.73 27.28 0.14 5510.43
545.91 634.22 0.40 7589.52
516.33 215.94 0.24 5403.89
335.62 73.11 0.24 4428.02
601.99 333.88 0.16 6304.55
573.81 594.66 0.13 1607.38
801.25 717.51 0.15 2420.39
749.39 999.08 0.16 7790.98
48.75 381.00 0.14 6531.15
718.20 777.65 0.36 2926.81
235.31 232.33 0.21 4219.24
392.98 649.15 0.11 4156.33
395.71 788.56 0.16 4907.09
465.20 950.52 0.13 5765.98
404.25 279.85 0.25 3282.87
950.66 436.24 0.23 6171.83
233.74 389.96 0.20 4109.81
880.60 416.80 0.30 6414.89
614.20 776.84 0.23 1787.32
454.22 612.51 0.11 1703.06
874.62 122.95 0.03 5762.75
250.96 429.98 0.29 3428.74
964.72 813.92 0.13 5300.91
244.98 989.98 0.33 1847.20
773.61 338.06 0.09 7917.96
778.84 731.07 0.15 2044.02
627.44 870.79 0.24 1618.58
132.71 578.82 0.09 3374.94
506.80 525.31 0.21 4885.44
137.14 72.65 0.03 7818.12
8.15 148.82 0.20 5375.87
275.96 673.78 0.11 5812.69
435.19 301.69 0.30 2865.18
53.01 747.83 0.35 2697.21
761.68 90.96 0.16 2475.39
236.98 829.44 0.01 3465.37
383.43 866.51 0.24 6665.17
999.84 330.95 0.18 7577.22
416.29 844.78 0.19 4645.38
506.22 953.63 0.19 5612.61
474.45 55.91 0.26 2217.40
661.16 637.12 0.15 5783.26
157.66 367.52 0.15 5637.24
150.42 546.07 0.28 3410.53
758.03 295.74 0.23 1813.78
583.09 109.76 0.09 1942.91
365.94 313.34 0.09 7922.19
411.29 100.09 0.28 3779.64
608.02 109.88 0.09 3977.67
941.37 141.53 0.11 7601.25
993.14 772.18 0.22 2651.81
663.34 826.44 0.32 5220.66
736.29 13.13 0.28 1913.56
56.89 52.35 0.12 5018.93
966.96 679.53 0.07 6831.73
704.29 205.38 0.41 2713.92
279.20 31.60 0.02 3424.99
772.48 233.80 0.15 5110.23
98.11 103.06 0.20 4148.05
410.83 385.33 0.32 1954.00
756.72 551.78 0.11 4333.88
912.44 623.65 0.14 5804.17
712.55 634.94 0.32 3851.00
292.72 164.29 0.15 7461.74
649.77 123.42 0.14 1582.72
322.49 313.34 0.22 4738.27
721.54 998.42 0.22 3015.42
499.92 739.44 0.10 3981.53
47.44 429.59 0.20 3595.78
852.37 842.84 0.10 2525.89
308.99 225.74 0.07 3804.22
935.40 957.27 0.17 5139.45
23.91 708.07 0.17 2135.36
311.01 494.36 0.12 7445.76
523.00 802.83 0.43 6270.48
828.00 127.07 0.19 2277.81
305.63 590.49 0.29 4333.39
846.01 683.36 0.29 1545.85
936.58 638.34 0.29 1811.68
17.70 309.70 0.30 7329.16
229.87 39.52 0.20 1966.82
149.32 932.80 0.31 6322.90
87.81 30.69 0.20 6616.88
375.79 39.66 0.13 3968.02
302.45 575.67 0.10 4000.87
338.62 903.09 0.20 2313.95
832.36 30.63 0.15 3104.15
559.33 622.19 0.12 4549.38
692.43 584.43 0.29 6499.90
169.78 58.16 0.38 4128.20
333.85 77.89 0.22 6660.70
573.55 356.17 0.29 5287.51
91.66 913.29 0.36 4756.68
963.01 398.16 0.21 7224.33
139.83 133.09 0.17 5105.38
856.56 666.95 0.21 5152.33
70.15 996.11 0.13 3810.58
896.43 175.95 0.30 2959.34
701.68 237.11 0.38 1908.23
386.16 816.30 0.22 7170.01
371.32 37.96 0.01 4039.69
962.30 436.89 0.19 4629.82
150.55 73.54 0.26 3207.54
204.47 342.09 0.21 2941.55
627.85 604.78 0.13 6933.92
757.74 319.05 0.20 7076.07
179.80 436.09 0.01 3051.48
489.58 514.39 0.26 3028.63
755.22 553.70 0.24 4191.39
154.86 664.92 0.15 3631.15
274.10 930.33 0.27 7992.97
754.93 971.52 0.26 4665.42
230.25 709.42 0.14 6452.87
384.76 385.61 0.33 3962.65
604.55 426.22 0.07 3109.07
809.82 78.60 0.16 1955.87
82.62 158.87 0.19 3738.76
211.11 396.65 0.46 5386.66
506.48 678.42 0.36 5875.53
805.90 0.64 0.21 6824.97
584.33 731.73 0.19 4586.45
774.42 330.64 0.23 6295.19
620.11 976.23 0.21 2452.82
74.26 745.21 0.32 6391.68
972.22 923.84 0.05 7270.41
971.66 129.30 0.11 2420.28
445.30 458.28 0.13 3944.40
286.93 13.12 0.30 2199.44
678.73 891.74 0.32 7744.44
677.36 918.92 0.38 3791.32
605.66 359.19 0.29 2750.21
744.88 925.13 0.20 7946.19
768.24 883.26 0.18 2966.62
318.53 125.47 0.19 3213.44
982.43 568.68 0.14 4628.38
810.62 64.60 0.20 5279.63
607.94 525.00 0.20 6200.76
314.94 291.50 0.18 3530.33
901.41 291.37 0.01 3190.79
925.35 525.45 0.18 4985.76
679.95 750.31 0.21 7134.31
106.75 819.65 0.21 2144.86
802.78 876.77 0.22 3647.76
265.78 87.79 0.27 1615.85
836.55 512.54 0.17 2097.01
771.31 776.03 0.16 4942.63
291.77 281.53 0.35 6158.57
432.28 957.04 0.33 2902.51
416.43 319.20 0.30 2593.34
357.47 720.83 0.26 4142.85
236.89 590.63 0.20 3749.55
366.66 295.10 0.22 5680.64
240.17 29.95 0.40 5719.41
377.49 494.46 0.12 4987.34
913.53 305.92 0.20 5991.48
981.18 482.35 0.34 7335.50
397.92 271.62 0.24 1774.56
599.44 204.35 0.14 6390.99
84.68 547.13 0.22 2022.40
174.70 919.27 0.14 4786.16
175.64 625.50 0.30 3894.59
396.02 986.63 0.34 3933.11
497.01 416.56 0.14 1933.58
759.85 557.68 0.26 5001.00
935.97 725.69 0.16 1792.47
448.55 242.37 0.20 4419.93
130.89 677.39 0.32 4103.70
831.35 832.52 0.22 4272.01
624.68 859.00 0.14 1841.67
885.30 584.53 0.26 2002.35
619.98 875.78 0.15 3564.17
882.57 445.04 0.03 2783.25
592.48 139.01 0.03 1738.21
610.14 344.15 0.11 4015.02
491.67 769.73 0.24 2516.53
145.66 818.87 0.23 5647.43
467.49 163.78 0.20 5122.20
530.56 444.63 0.25 2671.48
958.16 17.34 0.29 4473.40
11.26 764.56 0.32 5622.16
277.79 349.76 0.41 6269.45
105.96 227.96 0.28 5148.63
879.29 738.14 0.37 7323.36
211.61 760.01 0.29 2423.26
75.21 844.68 0.24 3501.37
972.96 990.26 0.37 7630.68
627.28 469.38 0.15 2793.57
