886.80 178.24 0.31 5234.74
564.24 93.33 0.22 5332.16
308.12 919.43 0.11 3609.69
51.78 0.77 0.27 1612.63
613.83 337.61 0.23 2372.01
727.44 178.26 0.25 7199.17
470.81 272.92 0.23 4991.26
88.92 710.91 0.09 7683.38
905.26 153.83 0.42 7799.07
988.99 890.68 0.16 6940.71
402.33 103.23 0.27 7829.05
974.60 900.94 0.28 3109.02
199.20 619.65 0.37 2012.45
182.91 118.19 0.26 3190.30
181.29 828.13 0.16 4124.84
151.17 962.85 0.15 2681.22
139.42 793.02 0.17 5123.36
167.90 8.14 0.30 4265.45
107.22 362.67 0.27 6431.59
562.46 557.41 0.06 2561.07
901.03 354.38 0.29 2209.26
985.48 725.88 0.28 6810.50
505.60 955.28 0.31 6139.67
214.07 915.76 0.22 5540.10
683.81 548.56 0.20 6558.16
939.16 269.48 0.19 7714.18
970.61 736.35 0.20 6886.11
196.18 324.53 0.01 6095.24
962.45 749.36 0.15 4800.10
948.92 391.55 0.08 7399.56
