693.32 554.27 7846.86 0.35 
727.33 1252.34 7061.16 0.37 
632.33 826.14 6707.99 0.37 
998.86 991.32 5597.37 0.37 
548.43 694.55 7525.05 0.41 
1326.77 1088.00 7598.47 0.51 
1435.68 1013.98 6391.24 0.32 
594.02 727.41 7389.19 0.47 
629.08 1013.08 6883.82 0.46 
717.79 1022.28 7055.09 0.56 
1111.91 605.08 7407.80 0.34 
996.00 1272.09 6819.13 0.49 
676.79 980.42 5038.20 0.41 
857.94 715.61 6000.78 0.42 
727.10 1357.03 6418.30 0.17 
650.74 1080.06 7142.59 0.46 
628.41 738.80 6586.36 0.48 
983.57 596.48 7524.59 0.41 
985.67 697.78 6262.89 0.42 
744.62 573.07 6717.68 0.43 
594.31 1395.93 6669.85 0.28 
610.90 643.40 6745.86 0.36 
553.23 563.53 6323.44 0.31 
642.76 1007.93 6391.56 0.50 
869.43 929.20 6383.75 0.53 
1099.08 811.86 5853.36 0.37 
865.59 552.32 5538.17 0.29 
1177.67 648.81 6435.05 0.33 
847.28 1007.86 5308.86 0.48 
1071.02 547.12 4614.74 0.35 
604.35 701.41 7991.67 0.17 
560.82 558.91 6614.93 0.36 
986.84 551.94 7414.02 0.59 
669.20 847.89 6150.09 0.55 
1385.16 607.03 6972.62 0.30 
735.28 575.68 7186.11 0.49 
1282.62 729.66 7919.40 0.33 
825.55 731.91 7122.91 0.33 
596.69 550.67 6609.17 0.32 
598.36 587.07 6438.85 0.34 
717.78 798.14 6935.65 0.32 
950.47 1039.76 7305.89 0.46 
1385.49 955.94 6998.67 0.37 
882.24 660.62 6866.04 0.39 
1157.17 1003.73 6951.47 0.28 
553.87 573.73 6358.88 0.40 
999.30 1311.18 5911.58 0.42 
1214.52 967.94 7330.40 0.45 
602.83 1319.75 5900.88 0.43 
661.69 1389.81 6023.80 0.48 
651.47 689.83 7181.67 0.31 
987.54 865.94 6573.49 0.37 
871.07 826.82 6988.87 0.25 
753.76 875.08 6447.95 0.42 
643.96 1038.79 6096.43 0.48 
710.72 679.15 6807.72 0.43 
974.05 758.48 6366.19 0.36 
859.81 762.70 5640.14 0.37 
810.76 1214.10 7111.16 0.39 
831.38 985.16 5255.44 0.30 
953.80 1145.37 6224.83 0.41 
665.85 953.44 6404.10 0.10 
856.96 991.12 6821.55 0.42 
670.33 614.61 7568.96 0.50 
678.18 659.64 6409.97 0.38 
840.03 801.72 7031.15 0.31 
795.26 783.90 7477.69 0.43 
816.91 997.26 5486.85 0.17 
561.97 735.00 7247.04 0.32 
1168.48 716.73 7483.15 0.40 
770.51 540.36 7135.29 0.70 
810.45 941.10 6328.77 0.34 
1036.18 651.00 5042.31 0.35 
817.57 551.25 5513.37 0.42 
772.57 705.02 5454.05 0.40 
836.96 765.63 5863.45 0.42 
786.37 866.34 6225.72 0.34 
1000.20 921.71 7109.20 0.55 
1353.49 1337.29 6437.28 0.56 
1044.36 1134.45 6032.55 0.43 
602.02 1514.01 6451.21 0.14 
1093.13 657.18 5990.75 0.28 
608.08 755.40 6575.75 0.26 
1091.16 765.22 6927.89 0.38 
540.90 653.60 5853.96 0.39 
972.94 914.66 6064.75 0.31 
1125.62 1414.02 6623.31 0.44 
609.09 838.62 6508.30 0.35 
755.92 641.38 7695.54 0.35 
719.51 1206.24 7273.01 0.31 
719.77 831.67 7692.88 0.31 
547.38 638.38 7632.20 0.46 
887.78 632.94 7275.65 0.36 
631.48 1065.86 6391.21 0.39 
590.84 1174.17 6721.17 0.22 
827.18 1331.57 7041.25 0.29 
759.55 1037.32 6162.00 0.48 
758.43 685.04 7071.05 0.56 
621.85 783.68 6797.54 0.35 
559.68 607.42 6696.30 0.44 
742.07 911.98 7309.39 0.37 
934.97 1029.99 5555.56 0.38 
633.72 807.31 6392.57 0.63 
702.06 700.58 7542.87 0.46 
1238.10 547.07 7363.04 0.53 
637.97 766.43 6231.16 0.29 
992.08 631.32 7015.27 0.28 
616.76 850.17 6192.46 0.32 
964.06 965.86 6617.76 0.34 
926.46 706.35 5963.72 0.33 
643.90 820.37 5327.08 0.33 
974.86 898.11 6689.72 0.24 
670.44 751.96 6218.96 0.30 
579.06 636.04 6675.22 0.51 
585.88 643.69 5993.60 0.43 
545.43 993.21 6438.18 0.70 
972.67 989.22 5936.67 0.43 
623.15 798.53 6449.90 0.48 
704.40 705.19 6462.12 0.38 
679.30 1240.72 6263.87 0.26 
674.73 680.98 7288.17 0.48 
1052.66 822.06 6198.07 0.22 
610.99 809.20 5937.48 0.33 
555.97 550.12 7400.45 0.23 
967.21 575.32 6142.00 0.24 
765.38 820.57 6560.85 0.23 
1490.84 737.20 7897.31 0.49 
990.09 1015.59 6779.69 0.29 
698.78 941.55 6003.47 0.25 
1022.16 910.71 5684.28 0.35 
849.04 763.18 5594.07 0.49 
555.58 936.94 5494.11 0.43 
959.17 1001.66 6721.26 0.49 
744.79 1083.04 6396.24 0.45 
1278.49 864.11 6726.28 0.35 
860.66 665.39 5851.40 0.34 
806.51 616.38 5753.39 0.59 
894.02 965.08 6401.57 0.53 
1033.09 598.57 6185.11 0.49 
647.53 1050.46 6900.30 0.31 
987.57 684.55 6974.22 0.22 
818.02 1137.14 5948.58 0.49 
586.71 803.30 6629.53 0.66 
980.74 760.85 7633.03 0.32 
641.70 1032.65 6251.21 0.40 
880.44 974.84 6639.60 0.45 
558.28 899.10 5712.29 0.35 
548.10 558.55 6176.95 0.52 
593.42 714.87 6773.54 0.55 
1026.35 1172.43 6863.68 0.14 
1177.34 944.03 7718.97 0.49 
584.73 1003.95 7175.97 0.31 
726.73 734.65 6686.64 0.57 
1186.10 913.95 6203.01 0.34 
1290.79 923.53 5763.67 0.30 
824.45 801.88 5117.15 0.26 
1035.13 930.57 6472.43 0.40 
1668.13 541.68 7041.85 0.31 
1015.95 655.90 6909.98 0.42 
565.35 1143.03 6813.48 0.38 
844.48 988.01 6640.45 0.48 
604.82 564.64 6656.09 0.38 
620.03 1107.69 6974.07 0.43 
734.78 881.02 5984.22 0.40 
636.83 582.79 6561.13 0.38 
548.33 1269.39 6901.56 0.46 
587.36 1149.83 7442.88 0.55 
700.23 829.49 6803.54 0.33 
708.82 702.62 6964.37 0.39 
705.49 616.16 6878.16 0.26 
1001.35 845.83 6775.86 0.42 
885.59 742.22 6758.63 0.50 
577.14 697.70 7242.53 0.35 
565.50 540.96 7156.58 0.47 
565.94 978.88 6336.51 0.42 
616.79 610.29 7641.23 0.31 
613.36 598.50 7848.28 0.44 
671.73 942.18 6306.05 0.45 
944.53 876.68 7625.04 0.37 
754.60 1107.63 5347.93 0.30 
597.96 789.64 6811.66 0.48 
631.92 777.26 7455.26 0.34 
662.12 579.95 7972.46 0.40 
798.59 760.30 6683.30 0.48 
595.78 568.86 6727.83 0.43 
905.01 659.66 6957.76 0.50 
602.40 1087.40 7489.19 0.45 
882.17 835.09 6114.75 0.40 
1312.27 880.38 6242.07 0.36 
598.38 823.31 6282.65 0.22 
1388.14 748.46 6899.09 0.20 
813.35 673.73 7757.92 0.56 
941.37 893.35 5958.05 0.32 
626.37 722.76 5684.89 0.29 
1333.68 568.19 6835.22 0.52 
1062.64 1016.16 6591.08 0.39 
792.33 706.79 6484.44 0.56 
964.39 1013.18 7137.54 0.53 
640.99 871.70 6756.67 0.48 
651.39 1144.35 7014.11 0.57 
1491.05 870.56 6387.74 0.48 
