679.85 1260.73 6946.04 0.36 
694.08 697.69 6499.89 0.34 
844.69 631.51 5609.21 0.51 
1707.69 633.73 5650.88 0.49 
721.20 813.62 6427.74 0.44 
794.35 1250.60 7579.86 0.44 
642.89 559.05 7166.70 0.32 
1041.22 1283.04 6809.91 0.40 
727.00 1053.85 6753.72 0.44 
701.46 919.81 7326.73 0.21 
583.35 624.57 6766.64 0.39 
630.58 640.42 6604.23 0.51 
780.21 832.71 5697.94 0.49 
899.73 601.57 7182.50 0.26 
1151.66 700.15 7360.09 0.62 
926.79 1162.83 6524.10 0.59 
890.17 1139.55 6806.54 0.42 
912.69 954.60 6954.21 0.28 
740.35 580.25 6361.61 0.44 
767.32 1581.55 6586.41 0.33 
680.90 762.26 6520.51 0.36 
569.14 731.64 6781.91 0.55 
957.37 723.74 7998.34 0.32 
736.14 945.88 7656.78 0.34 
802.64 724.54 6539.77 0.53 
657.90 693.48 6574.18 0.46 
1172.14 737.57 6438.63 0.37 
663.18 1532.09 7240.77 0.42 
863.51 760.76 7276.14 0.34 
1136.98 610.77 7344.48 0.58 
618.09 797.75 5967.88 0.34 
1242.27 615.39 7111.83 0.37 
661.25 672.28 7391.03 0.39 
1148.74 867.70 7735.98 0.52 
825.91 843.87 7469.89 0.38 
717.15 962.20 5796.36 0.38 
1049.89 866.57 5807.12 0.46 
1442.67 787.59 6623.72 0.45 
851.47 688.89 6064.18 0.52 
868.45 1209.33 5648.22 0.33 
1375.13 541.91 5532.95 0.40 
992.73 682.36 6667.92 0.25 
925.14 977.62 7043.43 0.43 
591.17 877.47 5198.89 0.25 
576.26 884.75 6020.11 0.40 
721.72 853.93 7121.05 0.47 
897.90 611.13 6022.97 0.55 
545.83 646.50 6901.42 0.32 
756.04 680.05 6409.56 0.54 
803.10 587.51 6530.32 0.36 
901.06 599.58 6517.09 0.46 
661.91 833.78 6345.74 0.45 
910.38 589.18 5869.78 0.43 
983.12 819.09 6211.86 0.50 
981.32 1044.52 6089.34 0.43 
585.70 684.24 6355.70 0.29 
787.68 1404.83 7540.19 0.19 
731.46 731.21 6160.08 0.16 
782.09 598.84 6912.65 0.45 
757.48 713.02 7318.29 0.50 
910.46 610.93 7570.71 0.56 
895.06 682.59 7183.61 0.21 
1068.74 1187.21 6450.42 0.45 
613.56 756.00 7461.34 0.27 
748.58 893.26 7579.28 0.35 
670.85 554.60 6960.54 0.45 
553.40 696.08 6575.53 0.44 
1103.06 955.85 7282.50 0.41 
771.13 700.70 7297.06 0.46 
1174.89 986.75 6518.01 0.27 
900.96 1077.07 6834.39 0.32 
866.95 714.02 7414.21 0.48 
950.62 622.84 6798.08 0.36 
603.33 866.86 6980.52 0.47 
620.88 868.90 6879.61 0.40 
657.65 561.92 7162.86 0.42 
897.51 603.71 6639.30 0.35 
651.93 971.23 7019.91 0.37 
840.26 665.77 5950.61 0.49 
868.10 587.27 6276.00 0.58 
542.79 732.11 5859.88 0.48 
600.66 679.56 5691.05 0.43 
657.62 543.89 7054.86 0.24 
543.32 604.61 7418.20 0.37 
687.09 587.00 6400.34 0.37 
1067.13 1001.47 7244.37 0.34 
708.31 783.59 6533.53 0.38 
658.95 940.35 6514.13 0.36 
668.62 591.78 6410.27 0.46 
721.99 676.76 6027.19 0.33 
661.35 561.58 7809.95 0.42 
982.92 1067.32 7466.32 0.58 
547.58 756.16 6100.11 0.34 
710.98 983.21 6082.76 0.35 
606.78 569.21 7468.56 0.43 
816.63 1129.39 6233.84 0.48 
725.18 636.01 7309.61 0.34 
771.12 1076.77 7523.60 0.43 
607.13 818.60 6407.49 0.51 
598.49 549.10 6278.34 0.24 
820.86 556.02 7655.31 0.14 
