591.94 844.80 7008.79 0.49 
659.08 963.84 6810.58 0.52 
792.76 913.52 7013.12 0.36 
671.58 889.37 5982.71 0.54 
762.74 718.59 7009.82 0.47 
770.43 969.32 5300.41 0.35 
977.68 1214.49 6665.67 0.38 
731.19 886.50 6563.91 0.44 
819.78 1447.86 6723.42 0.45 
564.59 932.51 6943.48 0.58 
1146.64 693.91 7086.07 0.25 
549.85 975.03 6254.89 0.65 
1054.07 552.09 6280.48 0.47 
622.27 1319.92 7083.12 0.47 
1018.50 567.92 6162.86 0.46 
642.95 1337.11 6620.32 0.38 
925.05 551.76 6678.23 0.45 
570.98 696.42 7235.89 0.23 
748.82 594.95 6088.98 0.37 
593.81 932.76 6513.44 0.44 
1287.65 887.11 6726.72 0.36 
970.52 1301.11 7561.41 0.54 
817.27 800.39 6713.74 0.37 
625.11 749.11 6701.52 0.29 
736.77 1014.21 6670.17 0.25 
576.74 1582.71 6312.36 0.42 
958.18 1167.16 7344.31 0.37 
896.75 1022.01 7094.10 0.41 
608.78 562.32 5932.46 0.50 
1184.69 598.43 4950.89 0.48 
651.58 601.01 6693.28 0.37 
658.64 676.38 5988.75 0.34 
653.17 583.91 6993.73 0.45 
892.71 645.55 6511.21 0.37 
831.49 789.88 7535.03 0.44 
784.07 861.17 7235.98 0.38 
739.25 592.05 7099.04 0.46 
713.64 916.48 6716.90 0.36 
915.61 696.72 7629.78 0.53 
737.06 923.53 7210.10 0.41 
1259.27 803.22 7164.55 0.42 
889.62 851.36 7512.85 0.38 
704.97 979.95 5953.93 0.37 
890.83 1079.69 7156.94 0.50 
1041.27 918.35 5297.96 0.34 
839.48 1788.57 6749.12 0.28 
1179.00 667.86 6821.03 0.40 
883.41 749.36 6785.68 0.45 
983.89 844.80 6339.61 0.38 
916.08 543.65 7100.92 0.25 
653.31 726.75 6656.98 0.38 
621.13 1078.44 7520.50 0.44 
973.97 1111.91 5331.84 0.36 
620.74 1388.04 6471.77 0.35 
1044.83 1037.35 7651.97 0.54 
710.52 688.25 7231.32 0.59 
925.63 899.73 6403.32 0.33 
679.03 947.18 7394.43 0.37 
745.03 695.36 5776.78 0.38 
1254.76 815.34 6415.09 0.37 
1221.51 1144.36 6686.28 0.48 
818.87 972.93 6307.91 0.39 
676.67 686.76 6393.05 0.43 
773.75 658.76 7565.32 0.46 
711.30 566.63 7115.13 0.37 
605.59 1266.49 6091.47 0.62 
998.50 780.98 6538.89 0.35 
1049.38 672.59 6291.76 0.43 
817.58 1100.38 6325.19 0.50 
630.22 947.68 6357.98 0.64 
739.57 616.86 7141.93 0.33 
686.17 843.18 6668.59 0.44 
883.28 709.65 6225.40 0.50 
678.66 1007.78 6370.89 0.48 
1149.28 1339.10 6435.60 0.51 
718.83 968.70 6837.73 0.31 
727.20 607.90 6110.04 0.57 
641.54 970.23 6147.17 0.37 
620.30 662.08 7385.45 0.63 
576.06 749.76 7664.01 0.41 
622.06 1046.87 7190.17 0.40 
617.64 769.31 7218.08 0.37 
857.97 826.93 6869.90 0.43 
1078.26 608.16 7508.43 0.49 
775.33 1374.91 7689.24 0.35 
1419.69 887.79 6264.17 0.37 
825.49 871.17 5038.75 0.44 
1429.09 1011.39 7951.90 0.42 
726.69 603.05 6838.22 0.35 
784.68 686.59 7351.34 0.43 
587.97 775.08 7614.89 0.35 
1427.95 910.87 6839.25 0.37 
1261.08 654.26 6549.96 0.36 
739.53 689.25 7079.72 0.34 
842.44 894.44 6643.42 0.28 
1037.00 596.60 7502.30 0.33 
879.20 867.02 6759.15 0.31 
874.43 857.87 6344.20 0.52 
968.87 763.14 5763.26 0.34 
594.96 558.83 5551.60 0.52 
1050.01 735.47 6043.49 0.42 
555.96 811.46 6687.18 0.54 
961.18 897.51 6325.64 0.36 
751.22 619.29 6870.74 0.44 
703.77 792.20 6218.15 0.49 
1247.54 1038.49 7869.17 0.53 
638.87 1347.07 5972.87 0.23 
907.51 982.06 7214.32 0.23 
1512.95 905.52 7066.13 0.64 
547.93 1074.85 6417.72 0.36 
1157.35 759.81 7780.72 0.36 
662.42 736.39 5878.19 0.30 
984.03 550.34 7678.68 0.40 
602.34 602.74 5306.16 0.38 
735.00 738.82 7153.57 0.36 
753.29 591.05 5943.16 0.58 
579.79 625.10 5916.24 0.35 
763.98 806.66 6188.91 0.36 
1018.47 692.13 6213.21 0.40 
1311.58 883.81 6008.38 0.50 
661.26 846.11 6900.95 0.41 
770.30 658.50 6573.17 0.48 
1154.10 701.07 6173.05 0.30 
1043.51 659.28 6593.58 0.41 
748.64 941.32 4988.36 0.35 
725.03 705.70 6906.71 0.34 
1109.92 574.41 7136.48 0.61 
1267.97 948.93 7433.65 0.39 
843.07 1229.42 6901.41 0.35 
810.58 888.86 6100.02 0.47 
591.45 1089.03 5669.81 0.51 
774.06 1187.99 6793.10 0.16 
960.72 624.38 7499.87 0.45 
992.38 923.83 5410.88 0.41 
785.53 1201.19 6234.52 0.29 
1159.38 1168.85 5316.33 0.37 
613.83 755.15 6020.09 0.30 
1065.29 604.03 7089.62 0.40 
764.98 705.43 6805.87 0.51 
1126.24 913.64 6953.58 0.43 
639.56 791.20 5991.95 0.53 
614.36 717.46 6864.43 0.31 
826.42 601.41 7136.44 0.30 
775.70 633.70 6271.33 0.58 
910.15 932.29 5869.74 0.40 
916.56 747.18 6709.89 0.36 
1037.14 760.03 6503.58 0.45 
767.42 1177.46 6634.28 0.49 
779.00 951.58 6591.47 0.48 
1178.44 978.65 5639.72 0.41 
541.28 581.39 7904.57 0.42 
