807.23 867.63 6077.93 0.56 
831.12 1090.31 7837.51 0.43 
641.22 658.21 6534.00 0.48 
733.65 1132.96 6373.20 0.46 
1188.90 748.91 6499.05 0.55 
787.41 1314.85 7274.27 0.48 
646.06 895.05 7080.24 0.46 
604.48 569.94 6446.61 0.30 
825.48 799.94 7078.61 0.40 
812.95 1241.62 6101.06 0.48 
682.06 617.08 7609.75 0.31 
1557.19 614.00 6588.65 0.37 
611.77 754.43 5641.56 0.48 
972.39 573.92 7757.77 0.51 
906.63 823.33 7864.07 0.24 
617.49 1036.26 6906.09 0.40 
707.69 674.40 6518.74 0.61 
923.47 1661.51 6937.36 0.49 
664.80 1334.05 6489.36 0.33 
845.44 799.95 5635.72 0.39 
674.64 752.80 6778.84 0.40 
710.93 894.78 6973.05 0.49 
773.49 543.00 7115.81 0.33 
1100.99 929.19 6852.32 0.31 
719.48 972.58 6014.21 0.25 
546.66 1294.09 4577.04 0.39 
722.26 595.87 6428.79 0.43 
883.62 1023.76 6548.76 0.48 
843.50 856.38 6634.21 0.54 
1070.31 799.60 7032.80 0.35 
839.24 736.79 7849.96 0.33 
1315.64 571.56 7394.81 0.44 
844.22 547.17 7574.91 0.43 
1666.98 928.72 6367.09 0.34 
850.82 622.02 6690.97 0.48 
1020.40 577.27 7688.39 0.42 
560.39 1051.89 7657.24 0.23 
656.61 880.76 6984.87 0.18 
772.77 695.86 7238.71 0.36 
934.90 577.93 7056.51 0.44 
1078.13 771.40 6121.95 0.44 
