1279.74 995.92 6464.44 0.54 
623.88 1087.27 6840.40 0.53 
810.16 540.24 7519.98 0.55 
688.80 949.35 6488.75 0.30 
1084.58 663.59 6018.38 0.43 
878.37 885.25 7014.18 0.40 
810.44 973.94 6725.76 0.39 
851.71 882.41 6360.45 0.47 
712.61 1096.18 7126.47 0.37 
855.76 557.93 7212.85 0.46 
827.22 769.37 6649.93 0.46 
915.54 636.76 5763.52 0.53 
1031.23 598.04 6101.73 0.38 
680.23 882.95 7158.19 0.36 
554.81 1519.99 5699.44 0.52 
682.04 915.08 6216.77 0.39 
678.48 849.76 7321.41 0.35 
619.47 677.49 6467.82 0.31 
1064.72 716.66 7026.90 0.40 
1272.39 739.85 6923.36 0.37 
902.26 1140.62 6225.99 0.45 
