998.69 736.74 6386.57 0.36 
727.16 651.17 7679.11 0.40 
746.43 1061.44 7231.13 0.28 
605.61 829.75 6165.44 0.30 
692.19 787.81 6039.35 0.43 
642.70 608.04 6093.52 0.57 
929.30 799.57 7661.65 0.29 
548.42 722.49 5905.13 0.44 
685.30 958.33 7318.32 0.33 
584.34 591.85 7164.59 0.29 
581.06 552.04 5052.22 0.24 
544.86 651.64 5942.88 0.39 
744.80 562.96 6602.12 0.34 
769.96 1173.09 6121.82 0.55 
657.20 1025.77 6328.28 0.44 
749.31 1115.78 6957.63 0.35 
623.17 734.46 6833.84 0.44 
708.62 675.74 7533.14 0.38 
726.64 807.51 7504.59 0.39 
987.34 871.63 7050.14 0.56 
714.26 871.05 6292.22 0.27 
792.84 595.00 6078.37 0.55 
825.39 640.31 6641.77 0.34 
660.33 770.19 7001.81 0.36 
781.61 674.39 6149.27 0.36 
941.67 1288.70 7708.47 0.64 
778.35 700.96 6792.85 0.50 
601.76 592.51 6971.83 0.44 
833.04 637.77 7118.59 0.48 
818.15 640.29 6520.09 0.34 
676.44 1106.39 7190.62 0.34 
1271.82 916.71 7595.62 0.33 
541.35 614.58 6339.96 0.22 
733.30 761.97 7275.92 0.49 
914.16 692.02 6564.56 0.38 
733.92 588.41 6473.74 0.28 
795.88 541.76 6555.80 0.51 
708.47 1029.30 4958.38 0.26 
1072.12 790.44 7307.61 0.63 
700.89 1045.28 6610.52 0.45 
941.83 891.64 7277.65 0.48 
759.27 907.06 6283.09 0.31 
586.30 628.45 6493.44 0.50 
651.04 947.08 5672.92 0.28 
724.51 563.47 5635.53 0.22 
885.00 768.23 6441.04 0.41 
1528.88 650.73 5849.96 0.29 
562.39 905.05 5959.07 0.37 
1010.61 995.89 7035.45 0.30 
591.35 722.77 7990.85 0.27 
867.60 830.68 7067.63 0.42 
865.84 971.71 7034.05 0.30 
652.80 747.72 6083.34 0.42 
677.30 1017.25 7049.29 0.29 
1045.71 659.25 5333.69 0.29 
1212.89 1081.92 7747.57 0.53 
926.09 607.71 5621.68 0.39 
777.43 1218.82 6440.46 0.37 
612.42 641.07 6646.60 0.43 
980.89 978.95 6356.02 0.37 
692.08 728.07 6940.99 0.34 
1107.84 663.29 6586.72 0.61 
715.38 625.34 5303.41 0.33 
1100.64 871.25 6071.57 0.31 
1136.77 883.54 6232.61 0.34 
798.49 656.89 6050.09 0.36 
614.41 1032.53 7001.60 0.29 
1217.09 874.38 6645.43 0.56 
929.39 550.00 6276.67 0.43 
1104.53 631.28 6682.38 0.35 
682.18 1042.21 6296.48 0.66 
744.47 575.52 7287.74 0.33 
1306.27 999.93 6018.57 0.56 
779.59 1295.14 5694.45 0.32 
952.07 1421.14 7140.35 0.23 
999.23 1167.95 6895.42 0.30 
904.63 657.25 5671.15 0.44 
844.10 671.86 7025.48 0.41 
854.56 622.70 6959.74 0.33 
1189.31 652.62 6877.99 0.29 
584.13 982.00 6361.80 0.35 
1176.09 736.26 7126.99 0.33 
908.01 561.79 7683.89 0.40 
1004.92 631.70 7497.71 0.47 
847.51 733.98 6883.14 0.35 
937.46 607.57 7040.07 0.37 
688.47 803.52 6278.25 0.43 
785.64 613.51 7044.57 0.47 
659.85 939.55 5942.39 0.33 
769.01 795.84 7440.18 0.53 
680.48 1001.32 6979.69 0.36 
