597.24 958.27 6111.52 0.57 
1590.43 551.04 6789.87 0.54 
1004.63 793.84 6171.63 0.58 
1081.38 694.28 6471.29 0.32 
587.27 636.61 7320.92 0.42 
977.30 585.16 6230.92 0.50 
558.13 902.09 5852.63 0.39 
749.37 1063.85 5944.46 0.43 
953.17 588.52 6563.73 0.44 
653.73 898.72 6865.27 0.37 
958.34 568.84 5680.68 0.45 
745.11 740.16 6125.54 0.23 
702.50 678.39 6133.43 0.38 
902.00 673.96 7042.91 0.33 
1366.13 616.27 7406.32 0.40 
818.87 798.25 5826.36 0.48 
590.29 870.37 6154.15 0.41 
698.27 1223.23 6072.61 0.31 
772.85 977.35 7233.96 0.43 
581.37 772.19 6209.76 0.39 
995.30 605.64 6462.77 0.21 
1184.10 542.37 7367.62 0.30 
713.98 817.47 6919.45 0.50 
662.95 859.24 6787.93 0.59 
734.10 794.99 6500.11 0.53 
689.07 639.51 6496.13 0.46 
1097.77 553.99 7241.17 0.50 
712.17 993.74 6899.68 0.44 
735.58 1117.62 6525.78 0.50 
1186.55 550.61 7276.29 0.70 
718.72 629.04 6929.21 0.39 
