565.28 681.09 6398.18 0.37 
579.06 783.79 6985.15 0.37 
825.79 1028.60 6846.08 0.52 
634.61 1015.55 6462.29 0.50 
543.53 1569.72 6841.39 0.29 
997.33 996.67 5881.06 0.43 
972.28 794.19 6325.30 0.37 
618.87 583.51 7822.79 0.27 
551.55 890.71 5551.18 0.35 
1292.06 1382.34 6817.20 0.52 
888.24 1138.40 6211.17 0.37 
657.38 1080.60 6943.25 0.46 
629.72 680.19 7071.24 0.52 
895.96 887.05 6636.58 0.46 
1051.60 1108.71 5595.35 0.57 
1243.41 1059.77 5922.41 0.40 
1266.88 1023.61 6465.37 0.49 
589.37 546.03 6969.71 0.35 
776.72 1044.79 7457.41 0.40 
548.66 967.72 7062.41 0.41 
1006.12 896.37 5870.49 0.30 
1044.92 647.02 5929.25 0.42 
837.12 553.98 6950.92 0.23 
981.33 1276.10 6732.69 0.50 
703.71 1076.86 7274.66 0.65 
1227.46 799.38 6441.62 0.47 
673.05 560.46 6231.08 0.30 
999.93 748.84 5800.67 0.46 
648.30 1183.97 7487.46 0.61 
1068.18 592.07 7139.64 0.41 
855.24 1267.20 7193.94 0.44 
847.22 693.98 7066.51 0.28 
570.74 895.55 5968.45 0.41 
1026.45 715.55 5349.91 0.31 
813.92 722.49 5938.28 0.45 
571.14 624.96 6129.65 0.35 
694.24 718.60 6721.85 0.21 
1032.96 691.97 5886.13 0.35 
1124.71 970.70 5589.16 0.30 
738.21 760.39 6339.19 0.54 
1416.21 743.97 6966.15 0.60 
990.12 669.94 6413.75 0.45 
567.84 659.80 7693.40 0.42 
555.68 824.59 5866.76 0.47 
705.63 926.67 7110.41 0.38 
541.81 1154.38 6515.23 0.38 
660.96 825.15 6820.23 0.45 
860.10 1073.62 6530.46 0.30 
1261.84 1028.37 7085.33 0.50 
690.22 794.09 6476.69 0.41 
824.75 729.51 5520.23 0.56 
773.10 1549.85 5732.12 0.56 
1040.94 811.27 6521.87 0.37 
752.32 629.16 6365.34 0.33 
1086.74 969.76 7281.63 0.39 
788.16 1830.41 6329.14 0.26 
1037.24 564.79 5859.38 0.40 
795.76 554.41 7011.96 0.39 
900.48 639.85 7331.61 0.39 
938.94 591.52 6666.37 0.45 
834.12 876.20 7051.38 0.61 
597.16 841.71 6600.76 0.49 
945.47 991.20 6566.00 0.32 
700.43 1009.22 6001.09 0.51 
666.23 853.28 6171.90 0.11 
1014.94 881.37 6361.99 0.25 
603.29 695.03 6836.58 0.53 
661.26 815.41 6239.56 0.39 
626.22 1046.41 7957.28 0.48 
549.76 929.63 6682.54 0.35 
859.74 687.65 5977.45 0.44 
635.90 590.14 7159.47 0.50 
616.18 591.92 6580.28 0.37 
984.56 598.64 6550.48 0.33 
901.31 630.99 7758.27 0.63 
570.39 887.03 6569.76 0.50 
643.18 589.27 7034.73 0.50 
1351.94 976.55 6939.19 0.27 
646.12 740.98 5237.39 0.34 
916.91 626.36 7449.41 0.34 
908.71 970.83 6830.22 0.54 
