1063.40 736.53 7314.71 0.48 
839.26 707.56 6541.08 0.45 
1509.92 632.36 6958.30 0.42 
902.56 834.03 5950.08 0.49 
750.99 788.28 6502.02 0.48 
878.52 781.68 6225.42 0.40 
660.80 597.24 5724.04 0.42 
582.92 671.92 7488.11 0.40 
839.08 678.46 7406.32 0.37 
687.33 1271.49 5941.04 0.47 
746.40 650.67 6573.99 0.46 
556.11 619.99 6640.34 0.41 
581.18 709.05 6378.62 0.24 
653.22 1094.66 6578.20 0.18 
712.27 782.09 7540.56 0.48 
608.55 548.15 5474.94 0.35 
1183.91 629.08 5685.23 0.43 
736.08 564.45 6191.88 0.41 
697.58 1140.36 6587.83 0.27 
1199.90 1189.61 7836.57 0.33 
850.41 904.03 6285.53 0.24 
596.39 1172.75 6586.22 0.44 
641.42 754.48 6436.63 0.28 
788.74 926.49 6733.79 0.36 
630.45 675.25 7321.95 0.42 
729.28 836.47 7084.87 0.36 
645.05 811.67 6513.50 0.50 
1077.01 695.49 6917.70 0.47 
1057.41 1136.68 6507.24 0.49 
615.74 889.14 6138.82 0.45 
629.54 794.05 7658.28 0.42 
642.52 907.33 7417.67 0.47 
980.77 929.05 6720.08 0.40 
964.13 624.00 7821.09 0.50 
918.06 553.61 6480.06 0.34 
552.40 862.24 5638.47 0.38 
657.59 597.86 6653.31 0.32 
1019.41 834.80 6197.67 0.45 
656.73 552.20 7315.34 0.25 
701.62 1000.73 6825.24 0.32 
567.62 1082.33 6544.69 0.34 
1061.11 654.67 5667.11 0.53 
958.69 743.33 6344.15 0.38 
796.81 614.77 6825.55 0.44 
899.44 990.43 6193.67 0.28 
555.77 936.21 6612.54 0.29 
577.65 1035.05 5480.19 0.43 
571.72 594.97 6707.51 0.54 
887.86 836.45 5663.82 0.35 
975.86 584.95 7352.49 0.28 
986.82 557.44 7488.28 0.25 
629.01 836.89 7148.37 0.41 
552.33 1187.15 6363.04 0.55 
1346.00 597.51 7129.01 0.61 
1118.83 1232.21 6795.00 0.26 
1006.39 613.41 5969.26 0.40 
792.82 661.71 6581.74 0.47 
742.30 548.90 7037.82 0.37 
972.83 854.66 7116.42 0.28 
691.28 603.01 6558.83 0.50 
542.69 620.39 7004.12 0.43 
732.21 778.20 6477.06 0.41 
901.99 757.67 7001.52 0.28 
628.99 1105.16 7910.06 0.40 
733.38 843.91 6168.09 0.43 
1050.43 966.81 6561.93 0.39 
965.52 611.24 6431.93 0.22 
860.41 784.89 5299.95 0.42 
1238.61 950.72 5365.80 0.43 
650.20 1292.28 7494.85 0.54 
664.33 614.54 7152.92 0.62 
