787.27 929.54 6465.46 0.41 
927.04 679.77 5714.55 0.24 
609.78 113.97 7514.02 0.46 
714.70 673.95 7150.51 0.56 
34.07 114.39 6361.33 0.42 
704.58 876.62 7034.27 0.41 
399.45 30.02 6614.00 0.56 
294.55 41.20 6425.22 0.46 
18.70 629.75 6829.23 0.62 
861.30 149.90 7090.87 0.29 
231.58 991.90 7128.77 0.44 
327.55 465.65 6193.31 0.55 
437.91 934.08 7737.51 0.33 
298.32 595.52 6549.63 0.47 
626.38 144.80 6508.74 0.44 
650.51 235.09 5953.03 0.31 
957.36 465.47 6163.84 0.51 
233.01 328.57 6286.57 0.52 
813.44 240.35 6850.47 0.44 
233.96 380.48 7015.28 0.37 
825.69 769.13 6667.35 0.42 
105.94 254.58 6445.13 0.43 
723.17 581.64 7144.41 0.46 
722.71 982.17 7726.64 0.56 
269.51 877.68 6142.96 0.25 
637.20 443.55 6982.75 0.26 
955.72 113.40 7143.93 0.58 
89.97 677.43 7031.27 0.29 
751.26 396.46 6374.26 0.25 
401.28 488.78 6688.64 0.42 
893.86 307.69 6614.07 0.44 
894.10 765.77 7574.56 0.37 
67.29 680.84 6780.32 0.72 
818.29 862.86 7987.66 0.59 
99.83 132.60 6735.05 0.29 
358.23 766.52 7134.51 0.44 
565.58 83.08 5619.13 0.31 
643.51 818.82 7114.24 0.26 
16.16 185.74 7795.38 0.44 
380.94 147.17 6272.73 0.46 
470.08 493.62 6590.60 0.24 
878.44 827.24 6672.83 0.31 
776.36 24.42 6903.78 0.57 
629.92 211.73 6249.49 0.40 
413.32 304.82 6261.31 0.38 
523.32 888.57 7479.94 0.45 
624.15 830.87 6477.55 0.46 
70.80 815.09 7205.81 0.35 
799.12 484.80 7407.86 0.39 
744.52 314.67 5570.95 0.27 
38.10 813.52 5861.41 0.57 
639.90 652.13 6267.29 0.25 
544.27 664.93 6163.93 0.28 
839.90 735.09 6562.04 0.58 
163.72 164.24 6307.77 0.53 
282.16 360.01 6283.32 0.32 
80.87 16.42 6585.65 0.70 
850.66 150.43 6650.28 0.42 
566.20 966.87 7139.27 0.36 
244.54 567.12 6296.90 0.37 
240.27 219.87 5883.10 0.45 
790.88 829.44 6504.76 0.49 
634.04 183.47 7145.64 0.37 
340.38 324.26 6902.68 0.47 
785.23 16.34 7369.37 0.49 
243.55 725.74 7160.84 0.46 
187.87 732.80 7441.55 0.47 
881.77 61.51 5398.40 0.52 
908.49 669.04 6618.14 0.38 
507.18 876.60 6542.19 0.23 
978.41 719.13 6040.86 0.40 
114.29 328.48 7028.89 0.22 
974.06 162.06 6118.27 0.46 
567.35 938.50 6578.60 0.39 
793.63 69.85 7050.49 0.33 
282.97 96.16 6542.97 0.48 
141.75 115.74 5991.95 0.53 
914.85 612.72 7075.17 0.58 
837.67 196.95 6136.13 0.42 
908.10 325.44 6998.89 0.33 
286.02 207.92 6129.55 0.50 
635.47 219.21 6464.95 0.32 
892.69 809.70 5733.19 0.35 
456.06 840.11 5289.70 0.43 
796.82 356.14 6007.79 0.40 
255.86 88.09 7142.49 0.35 
529.55 675.26 7558.78 0.48 
353.20 281.86 6212.34 0.45 
433.46 37.75 6546.75 0.42 
545.91 755.49 7471.59 0.28 
294.61 948.92 5809.90 0.43 
209.51 69.78 6537.73 0.48 
391.28 903.56 6267.41 0.50 
849.94 174.03 7054.93 0.44 
367.12 677.08 6604.11 0.41 
194.21 839.04 7343.60 0.52 
137.02 274.89 7473.69 0.42 
547.59 278.38 5929.58 0.46 
655.40 213.91 6169.99 0.44 
736.68 791.23 6916.70 0.53 
369.90 204.82 7136.37 0.36 
