879.10 226.40 6740.59 0.53 
562.08 70.79 6492.82 0.49 
279.11 508.90 7171.87 0.45 
754.86 843.65 6484.83 0.52 
632.92 392.40 6621.14 0.34 
530.57 395.37 7685.85 0.60 
284.76 233.63 7660.06 0.31 
606.95 845.54 6217.93 0.52 
77.29 821.21 6449.61 0.46 
931.48 368.98 7458.21 0.38 
876.03 825.95 7194.00 0.34 
743.35 797.06 5359.08 0.54 
629.31 603.97 6653.71 0.36 
42.85 769.45 7751.59 0.37 
445.23 869.99 6506.45 0.44 
596.55 527.89 6718.44 0.33 
187.34 589.68 7204.14 0.31 
472.62 637.46 5886.85 0.50 
139.21 907.98 6830.14 0.36 
652.63 482.86 6263.34 0.25 
228.24 766.66 7090.45 0.36 
748.08 617.84 5983.30 0.37 
573.18 252.76 7155.19 0.59 
214.95 826.16 7441.19 0.40 
999.48 548.77 6281.89 0.40 
608.19 789.52 7091.85 0.34 
999.02 465.03 6640.87 0.30 
459.18 338.45 6479.47 0.34 
73.46 970.16 6713.87 0.43 
850.75 500.00 6615.83 0.55 
748.88 392.13 5966.36 0.34 
969.71 644.31 6506.71 0.27 
864.71 242.13 7190.50 0.38 
51.69 490.01 6414.55 0.32 
185.81 68.19 5555.85 0.47 
616.54 156.16 6233.26 0.41 
449.65 732.54 6008.66 0.45 
596.24 771.50 6641.73 0.41 
710.65 835.35 6071.69 0.53 
456.87 875.64 5915.96 0.29 
174.07 190.40 5611.43 0.51 
239.89 304.52 5432.90 0.26 
598.16 761.12 6320.04 0.46 
326.96 854.75 7068.38 0.48 
85.62 957.78 7344.74 0.43 
851.57 508.22 6949.39 0.41 
564.96 799.67 7393.37 0.64 
927.88 686.08 7479.30 0.17 
185.96 985.87 7085.39 0.37 
82.42 36.41 6862.12 0.48 
8.29 172.38 7774.83 0.48 
502.20 865.45 7304.07 0.44 
862.18 703.74 7194.57 0.56 
450.58 50.11 7247.24 0.20 
796.75 128.34 7404.33 0.42 
649.30 249.99 6602.69 0.39 
627.15 176.09 7255.19 0.20 
735.58 427.38 6225.20 0.19 
342.97 585.62 5071.46 0.34 
433.24 120.78 6882.48 0.50 
475.29 529.96 6098.78 0.37 
635.72 965.05 7002.50 0.28 
443.02 151.71 6891.48 0.49 
699.79 551.70 6664.44 0.44 
743.42 330.84 6371.75 0.48 
357.48 647.42 6865.42 0.21 
28.26 674.58 7859.66 0.35 
438.28 884.62 6819.98 0.41 
355.46 444.94 5952.68 0.31 
178.20 483.83 4866.60 0.46 
543.23 785.42 6736.11 0.30 
99.02 116.07 6993.20 0.39 
725.34 937.02 6672.61 0.37 
51.41 249.94 6690.02 0.53 
136.23 860.02 6413.22 0.44 
8.59 911.56 6637.09 0.68 
394.07 722.31 6861.92 0.46 
8.90 706.86 6960.94 0.27 
229.54 447.77 5800.82 0.28 
412.87 781.26 6605.12 0.31 
685.29 16.04 6981.83 0.30 
454.56 517.78 5685.97 0.50 
322.15 495.52 6630.93 0.53 
221.76 674.02 7188.74 0.46 
277.39 105.61 6656.64 0.45 
441.67 133.46 7621.17 0.33 
70.35 628.26 6805.05 0.59 
229.61 877.22 7268.69 0.41 
611.26 608.27 5302.95 0.54 
679.14 375.99 6528.50 0.35 
790.15 339.27 6172.27 0.49 
441.91 645.31 5936.50 0.57 
479.15 170.91 6504.81 0.29 
321.40 314.52 6078.60 0.32 
530.30 189.40 6457.71 0.45 
151.49 422.96 6323.52 0.39 
973.32 518.89 7255.60 0.39 
562.75 297.03 6923.21 0.37 
775.93 18.82 5724.53 0.58 
576.32 876.93 6365.96 0.31 
212.36 867.18 7041.34 0.61 
678.67 679.24 6945.02 0.45 
660.16 733.63 6818.46 0.36 
196.33 205.91 5873.28 0.48 
908.52 969.97 7089.85 0.42 
435.37 874.32 6594.27 0.52 
284.58 445.89 6431.46 0.39 
408.06 358.44 7572.92 0.32 
891.25 503.57 5642.57 0.56 
723.09 836.88 7039.30 0.55 
379.67 617.70 7337.94 0.56 
753.56 856.83 6052.30 0.50 
160.04 52.98 6532.70 0.54 
859.60 989.76 7353.91 0.36 
71.87 388.09 7298.75 0.32 
774.13 898.09 6176.52 0.54 
904.02 703.43 6174.10 0.32 
257.41 904.11 6567.14 0.36 
966.89 446.19 5881.72 0.35 
489.36 283.31 7247.74 0.31 
196.23 126.59 6830.77 0.46 
51.53 751.21 6434.42 0.35 
107.29 654.92 7643.61 0.58 
608.70 512.59 7473.39 0.34 
747.21 94.38 7308.25 0.34 
844.26 658.88 5360.18 0.46 
617.03 126.52 6180.09 0.40 
845.31 75.34 7365.22 0.34 
185.58 554.03 6449.75 0.36 
939.04 625.46 7376.22 0.42 
7.21 604.66 7360.40 0.30 
120.84 564.25 6943.81 0.58 
822.57 754.16 6973.24 0.42 
307.83 571.58 6428.13 0.38 
184.34 817.18 6807.77 0.43 
25.19 746.07 7435.86 0.37 
753.06 424.63 6190.56 0.32 
64.65 442.64 5947.00 0.35 
176.19 929.59 5895.79 0.38 
626.47 133.72 6083.46 0.36 
447.01 681.54 7204.91 0.50 
402.21 14.16 6379.03 0.43 
470.12 351.50 6592.62 0.31 
614.37 921.16 7151.37 0.33 
693.97 154.19 6365.71 0.43 
790.01 197.88 6775.36 0.41 
645.04 926.22 6381.38 0.44 
803.86 366.76 6984.86 0.36 
876.62 812.17 6749.00 0.53 
728.63 198.12 5883.07 0.30 
670.27 968.77 7496.04 0.43 
