908.42 866.13 7686.68 0.41 
279.38 702.35 7070.28 0.50 
944.65 129.50 6368.04 0.34 
558.02 942.58 7656.30 0.42 
886.68 590.55 6968.92 0.32 
830.42 774.62 6085.99 0.34 
856.11 100.48 6638.88 0.21 
962.44 776.54 7030.54 0.31 
665.40 104.13 7027.57 0.53 
3.67 953.16 6912.63 0.46 
727.98 922.83 7231.66 0.46 
881.00 509.38 6377.31 0.23 
789.36 904.11 6807.27 0.19 
790.78 347.11 7741.53 0.41 
839.02 598.00 5403.61 0.51 
112.87 776.94 6405.38 0.44 
261.94 82.84 6778.50 0.47 
675.02 333.90 7258.78 0.46 
270.45 124.87 6991.85 0.59 
750.43 853.42 6183.46 0.40 
381.08 887.88 7084.69 0.21 
