493.32 55.56 6236.84 0.22 
139.90 710.89 6228.59 0.26 
415.71 395.17 6298.99 0.45 
78.67 627.72 6516.02 0.45 
960.37 260.87 7173.53 0.43 
139.01 579.31 5751.73 0.53 
761.80 650.09 7574.89 0.33 
151.57 777.70 6953.61 0.45 
480.85 341.48 7234.86 0.43 
275.61 554.09 6466.65 0.39 
743.89 363.85 6051.77 0.37 
530.50 456.28 7336.43 0.35 
927.19 850.56 6761.84 0.40 
722.81 153.75 5716.35 0.43 
191.09 598.59 6480.22 0.48 
808.70 204.65 7643.81 0.42 
764.12 985.92 5273.39 0.31 
314.17 923.25 6210.53 0.29 
284.35 0.76 5607.96 0.49 
932.40 227.13 5931.96 0.26 
650.56 388.72 7651.31 0.32 
