999.96 459.13 6647.49 0.44 
322.56 59.48 5491.10 0.47 
275.17 704.64 7547.32 0.30 
427.24 890.38 7066.26 0.34 
391.58 957.98 6654.79 0.37 
414.10 645.53 6492.64 0.34 
776.38 253.63 7691.20 0.43 
719.93 301.45 6795.92 0.19 
489.96 808.92 6636.51 0.39 
435.04 143.32 5767.45 0.36 
779.23 155.71 6405.59 0.36 
344.15 224.55 7062.11 0.28 
555.45 636.49 7412.60 0.25 
998.65 166.35 6823.17 0.52 
794.40 817.99 6451.72 0.40 
986.18 808.36 6416.94 0.34 
585.41 551.30 5991.97 0.27 
783.19 136.07 7667.20 0.27 
933.74 573.67 6306.00 0.28 
297.45 311.77 7340.21 0.51 
16.09 590.61 5675.52 0.30 
505.92 231.71 7320.76 0.24 
796.95 539.67 5479.65 0.46 
497.05 608.54 7463.91 0.32 
207.28 261.58 7160.97 0.29 
967.02 249.79 7158.76 0.47 
269.62 589.39 7012.47 0.30 
481.11 662.11 6684.24 0.29 
3.10 109.91 6719.71 0.45 
982.13 878.02 6923.86 0.40 
868.14 709.49 5702.11 0.50 
448.20 75.14 7107.84 0.31 
198.39 842.71 6911.06 0.29 
816.75 65.11 6771.52 0.33 
131.40 68.67 5772.14 0.46 
296.51 573.78 5767.89 0.44 
182.70 297.23 6117.03 0.26 
685.33 751.16 6952.93 0.47 
829.78 842.90 5609.92 0.54 
952.46 947.48 6895.10 0.57 
382.18 466.23 6867.13 0.36 
984.91 212.32 5371.39 0.17 
438.53 212.93 5904.39 0.34 
349.31 532.63 6588.85 0.38 
374.96 865.51 6402.05 0.44 
195.41 669.10 7230.52 0.58 
405.70 978.83 7664.45 0.42 
990.76 802.01 4752.69 0.46 
716.49 761.13 6352.93 0.42 
797.89 609.43 6204.17 0.38 
234.18 920.49 6566.18 0.37 
906.15 1.71 6363.08 0.39 
578.73 161.03 6940.23 0.56 
137.18 485.53 5790.92 0.41 
292.64 373.93 6664.58 0.58 
332.52 63.67 7069.36 0.34 
280.70 20.08 7101.05 0.37 
886.70 57.90 6704.85 0.43 
572.20 490.47 7429.43 0.40 
643.08 213.95 7355.84 0.34 
667.95 807.53 7058.50 0.24 
661.12 680.42 6702.17 0.15 
313.49 299.03 7810.68 0.39 
882.71 795.83 7330.50 0.35 
84.38 442.53 7002.36 0.35 
366.33 246.93 6139.83 0.49 
543.06 1.22 5834.64 0.40 
767.94 831.47 7435.53 0.23 
372.37 615.74 7139.07 0.59 
76.30 353.23 6182.10 0.32 
78.63 895.16 5605.92 0.34 
162.46 757.17 7341.43 0.51 
935.90 684.39 6398.86 0.27 
583.30 467.02 6153.22 0.29 
489.50 945.49 7770.57 0.39 
848.49 584.58 5740.69 0.28 
405.99 652.97 6829.69 0.31 
279.91 544.51 6935.23 0.30 
831.15 295.84 6234.01 0.34 
880.34 463.74 7154.53 0.56 
859.13 233.58 6517.03 0.30 
700.95 583.57 5325.82 0.33 
712.83 954.22 6361.26 0.48 
928.56 253.95 7066.31 0.33 
856.65 617.13 6501.64 0.24 
878.11 61.74 6834.56 0.45 
401.81 472.90 6483.10 0.47 
801.28 244.44 7553.52 0.46 
796.64 381.18 6942.42 0.41 
641.85 71.41 7417.75 0.32 
220.44 691.14 6763.75 0.14 
764.04 609.08 6344.88 0.49 
199.89 909.79 6568.66 0.36 
142.56 235.16 7806.51 0.41 
449.39 512.78 6922.21 0.45 
370.19 528.37 7453.85 0.34 
587.55 807.59 5922.55 0.41 
157.15 160.88 6944.08 0.53 
315.47 249.96 5860.94 0.44 
260.88 166.42 6425.23 0.46 
550.41 52.86 6768.43 0.44 
197.31 279.37 5986.37 0.56 
412.33 280.27 7145.20 0.55 
797.33 852.06 5472.79 0.39 
458.47 53.27 6233.35 0.30 
42.11 396.37 6543.22 0.25 
79.38 636.51 6237.49 0.45 
447.09 880.43 6781.15 0.49 
14.43 343.31 6059.23 0.27 
80.43 186.46 6352.01 0.24 
847.39 676.90 6146.41 0.35 
562.45 325.14 6284.85 0.48 
515.60 393.64 7099.40 0.50 
767.49 158.04 6524.06 0.49 
48.10 167.58 6384.28 0.27 
560.74 130.87 6860.91 0.42 
256.29 890.57 7192.48 0.39 
575.05 326.55 7211.11 0.42 
81.10 950.82 6509.26 0.57 
544.71 542.54 6442.88 0.43 
976.52 887.56 5951.27 0.69 
46.33 947.53 6422.43 0.24 
632.72 868.61 7010.84 0.38 
86.06 619.47 6439.63 0.39 
642.36 431.02 6792.65 0.45 
954.24 181.35 6064.76 0.30 
349.79 765.34 6990.61 0.44 
235.38 181.56 6577.95 0.32 
129.75 619.03 6725.49 0.54 
105.61 488.44 6238.37 0.32 
85.36 202.31 7461.87 0.57 
819.59 39.51 5798.28 0.36 
575.83 564.27 6607.59 0.40 
34.29 886.71 7015.91 0.42 
854.01 983.05 6964.86 0.35 
740.49 772.14 6310.59 0.48 
260.43 401.59 5620.38 0.35 
682.29 942.28 6090.85 0.42 
61.06 710.11 7681.35 0.41 
298.47 631.32 6613.12 0.30 
885.42 305.55 7580.88 0.46 
181.00 509.78 5800.50 0.54 
403.10 372.68 6063.01 0.43 
530.29 378.53 6819.95 0.48 
30.47 464.96 5860.59 0.31 
13.42 790.84 7018.26 0.37 
76.45 398.61 7524.48 0.54 
172.89 987.20 6024.08 0.37 
381.48 98.98 6766.13 0.50 
163.39 236.67 6322.02 0.46 
575.66 695.58 5551.22 0.17 
142.65 180.71 6394.25 0.34 
51.31 893.44 6469.84 0.62 
339.61 185.58 5407.80 0.43 
416.00 952.92 5830.85 0.39 
354.70 718.89 5814.94 0.49 
942.52 686.01 7257.01 0.40 
999.39 896.32 7040.57 0.41 
571.76 879.03 6784.16 0.40 
297.42 193.77 5813.09 0.42 
637.70 835.60 6656.86 0.45 
691.61 814.98 6371.58 0.41 
286.61 109.10 6354.33 0.49 
24.28 850.96 5847.67 0.37 
745.77 473.73 6695.43 0.36 
188.12 496.47 7100.63 0.49 
182.63 233.20 7499.59 0.28 
128.80 613.59 7791.50 0.19 
980.73 754.85 6134.18 0.35 
979.41 590.45 5976.80 0.30 
271.38 767.50 7836.33 0.62 
827.59 53.38 6599.60 0.43 
504.76 297.56 6785.04 0.29 
973.22 697.34 5956.04 0.55 
553.62 918.99 6347.10 0.30 
492.61 527.13 7189.66 0.46 
228.33 240.31 5968.77 0.40 
653.41 701.79 7329.20 0.42 
383.19 679.30 6814.47 0.23 
845.55 76.51 6862.95 0.32 
827.40 722.73 6970.18 0.35 
531.79 398.92 6455.24 0.18 
666.26 123.64 6620.12 0.53 
555.77 975.48 6646.55 0.50 
211.72 147.64 7031.19 0.27 
457.21 842.84 7345.61 0.42 
269.11 788.01 7009.17 0.39 
167.73 1.85 6115.26 0.39 
57.69 279.27 6560.74 0.36 
233.40 867.71 7203.57 0.31 
715.06 651.26 5768.60 0.55 
124.68 608.11 7869.52 0.40 
805.76 89.23 5694.65 0.27 
41.61 658.10 6276.93 0.48 
366.17 558.15 6448.23 0.32 
152.34 171.80 5336.34 0.27 
214.45 274.88 5552.48 0.35 
363.83 78.49 5693.08 0.46 
805.03 885.16 6755.14 0.50 
419.86 416.45 6189.26 0.57 
161.86 543.41 6220.01 0.38 
