226.26 736.51 6943.24 0.61 
342.02 561.25 6036.70 0.24 
555.26 182.84 7963.99 0.41 
586.62 208.31 5894.03 0.51 
754.88 640.23 7660.87 0.42 
108.68 700.10 6412.13 0.32 
26.93 50.44 6358.72 0.36 
846.52 379.11 6550.95 0.22 
394.21 866.97 5444.79 0.59 
665.07 112.48 6196.38 0.34 
42.47 653.13 7014.03 0.44 
932.63 696.51 6871.98 0.43 
871.07 737.11 6827.42 0.45 
170.25 802.40 6440.27 0.45 
456.68 195.92 6570.23 0.55 
28.59 698.29 6322.07 0.22 
862.88 565.24 6300.91 0.38 
851.12 314.16 6853.59 0.24 
206.32 943.70 4750.82 0.41 
897.33 186.34 6670.57 0.32 
336.29 256.61 7420.78 0.51 
995.26 399.12 5891.66 0.50 
385.27 687.49 6324.27 0.43 
931.70 65.65 7009.25 0.55 
803.70 889.04 6644.25 0.53 
373.71 911.10 6427.46 0.23 
69.71 898.70 6417.37 0.22 
39.01 654.27 6894.53 0.47 
845.79 453.08 6943.08 0.56 
329.49 661.46 7170.74 0.23 
487.96 2.62 6080.02 0.33 
