74.38 667.36 7874.06 0.18 
335.01 28.55 6324.59 0.42 
882.67 243.64 6963.43 0.41 
506.33 752.42 5794.26 0.40 
570.03 936.01 5326.38 0.35 
651.99 453.04 6602.78 0.39 
413.03 69.15 7217.87 0.33 
188.65 729.83 7581.06 0.47 
654.08 267.95 6994.26 0.34 
806.78 260.78 5747.19 0.46 
755.55 975.53 6738.51 0.41 
996.53 725.97 5598.12 0.26 
778.31 660.01 7433.52 0.36 
120.47 411.38 7486.21 0.43 
289.72 545.13 6352.37 0.33 
75.29 745.24 7273.30 0.47 
574.12 422.57 6872.66 0.32 
768.59 494.02 7394.98 0.42 
304.62 964.89 6617.62 0.47 
877.39 290.31 7119.29 0.36 
679.65 453.30 6258.23 0.39 
602.05 272.23 7476.99 0.36 
602.22 164.46 7644.27 0.34 
286.45 404.29 6778.08 0.49 
132.85 978.88 5752.49 0.43 
948.76 121.81 6869.56 0.49 
855.49 436.32 5848.05 0.42 
516.60 220.86 7146.88 0.36 
213.47 280.20 5940.39 0.34 
148.65 909.38 6100.46 0.32 
384.47 17.05 6821.91 0.42 
