129.05 803.22 7397.12 0.50 
604.03 175.12 5900.95 0.50 
136.74 125.41 5650.85 0.26 
445.79 609.34 6550.04 0.40 
741.13 127.04 7516.62 0.37 
732.48 879.98 6014.56 0.47 
761.33 945.51 5831.03 0.38 
279.88 368.48 7668.63 0.32 
314.26 487.94 6611.30 0.38 
544.53 157.23 6558.87 0.40 
717.17 843.44 5945.86 0.53 
85.49 316.88 7416.94 0.50 
22.41 754.39 6508.19 0.25 
226.13 100.13 6972.58 0.51 
746.77 157.57 7900.61 0.48 
329.02 449.19 7146.83 0.45 
431.88 845.72 7966.37 0.38 
290.46 457.41 6312.64 0.42 
456.34 170.70 7674.93 0.31 
913.07 534.91 6632.44 0.34 
51.01 268.95 7834.40 0.45 
21.02 439.00 5783.99 0.39 
110.01 846.62 6378.35 0.45 
287.40 48.10 7335.05 0.46 
84.54 130.11 7246.51 0.52 
200.04 616.19 7374.77 0.66 
764.49 131.06 7769.65 0.19 
801.48 153.60 6044.70 0.30 
942.70 64.77 6451.03 0.43 
408.93 779.34 6109.29 0.49 
996.07 217.57 5410.33 0.48 
509.76 197.71 6616.04 0.35 
60.29 108.04 6969.59 0.27 
200.36 511.85 7181.24 0.41 
304.74 707.20 6856.04 0.16 
606.38 124.34 6940.08 0.29 
491.81 255.74 5514.91 0.42 
610.23 540.96 6535.42 0.30 
519.58 775.33 7038.46 0.27 
288.49 117.92 6864.15 0.36 
566.35 355.93 7126.05 0.40 
