381.53 58.23 5765.78 0.41 
99.87 599.22 6565.09 0.34 
159.57 911.60 5457.94 0.30 
105.72 796.10 5506.19 0.52 
289.93 170.85 6032.02 0.18 
882.34 303.41 6253.76 0.30 
932.15 350.57 5635.74 0.47 
311.71 405.65 6273.14 0.33 
576.10 448.17 7517.53 0.23 
270.39 606.51 7211.47 0.28 
930.02 536.93 6478.23 0.34 
786.78 538.68 6763.17 0.44 
90.59 575.89 7058.41 0.15 
690.50 373.70 6581.28 0.50 
963.88 66.83 6234.02 0.40 
402.90 213.43 7725.89 0.29 
771.73 92.84 5709.83 0.27 
231.15 678.50 6782.00 0.53 
578.19 294.66 7702.66 0.31 
665.10 459.88 6708.11 0.38 
282.39 898.60 6175.84 0.37 
794.55 456.12 7296.26 0.38 
202.33 875.29 7001.18 0.36 
828.11 349.30 6688.52 0.53 
801.24 257.41 7353.36 0.53 
519.43 970.95 7232.98 0.24 
945.92 104.68 7544.04 0.31 
10.17 551.11 6360.97 0.47 
324.26 307.97 5297.37 0.33 
555.32 229.00 6650.66 0.53 
853.35 554.97 7260.93 0.34 
878.95 913.59 6575.71 0.33 
477.13 226.06 6129.93 0.35 
546.66 424.13 7400.44 0.28 
155.87 591.27 7907.39 0.29 
965.75 601.20 7368.67 0.53 
891.19 481.20 6087.26 0.40 
120.09 870.95 6688.30 0.48 
689.72 104.22 7250.85 0.33 
302.11 263.36 6165.78 0.41 
653.77 78.61 6413.73 0.21 
258.65 648.07 7173.55 0.40 
184.64 195.73 7014.02 0.66 
866.71 558.35 7103.76 0.50 
207.55 284.04 6862.31 0.41 
694.07 351.97 5548.87 0.34 
569.79 615.05 6491.92 0.26 
280.68 110.95 7224.97 0.24 
344.57 92.06 6965.81 0.40 
351.34 944.74 7084.86 0.30 
792.59 457.88 7064.81 0.32 
295.95 643.37 7849.44 0.36 
617.01 617.06 5381.38 0.38 
439.61 668.31 7067.98 0.40 
900.66 13.53 6852.89 0.39 
883.95 586.57 5478.86 0.51 
569.86 661.46 7112.94 0.22 
999.01 393.19 6762.93 0.37 
298.77 673.35 5541.07 0.33 
150.78 952.56 6723.80 0.42 
689.95 947.28 6517.42 0.40 
585.24 571.67 7347.61 0.52 
159.30 498.18 6083.77 0.43 
880.39 628.40 7519.80 0.28 
861.40 884.61 6915.05 0.54 
302.10 173.11 6508.85 0.27 
939.08 383.60 5770.09 0.38 
238.56 538.33 7136.80 0.46 
418.97 294.65 6639.11 0.49 
576.50 593.67 7556.87 0.36 
834.89 758.46 6354.13 0.42 
