909.74 122.79 6801.97 0.39 
940.99 739.54 5648.04 0.42 
644.13 521.03 6673.15 0.35 
119.09 969.26 6553.05 0.39 
726.12 24.49 5284.15 0.52 
236.64 141.55 6655.25 0.48 
279.60 132.23 7639.04 0.38 
308.81 982.11 6516.49 0.30 
278.75 745.40 5970.78 0.24 
720.18 811.73 5179.34 0.32 
979.21 906.31 7231.36 0.32 
236.53 211.68 7279.13 0.48 
762.56 698.52 6029.83 0.47 
186.83 707.29 7421.81 0.53 
270.54 915.38 5521.78 0.43 
565.10 492.83 7584.18 0.45 
91.18 922.29 7158.35 0.50 
716.83 142.28 7808.39 0.34 
132.56 359.12 6180.45 0.45 
272.72 532.49 6171.59 0.32 
422.07 700.50 7532.73 0.48 
695.49 790.04 6240.44 0.33 
215.61 663.52 7014.47 0.47 
538.19 731.96 7101.72 0.35 
639.23 427.70 6818.39 0.39 
554.07 850.72 6668.76 0.30 
337.69 217.93 4291.62 0.53 
629.05 574.15 5875.37 0.36 
822.53 56.08 6535.51 0.39 
63.84 63.74 6940.91 0.40 
26.75 175.19 6818.40 0.39 
650.13 785.65 6680.29 0.43 
441.00 425.90 6883.09 0.47 
856.22 156.62 7718.61 0.35 
665.20 908.09 6639.95 0.34 
55.06 722.71 7259.22 0.23 
121.50 403.35 6863.67 0.39 
339.13 138.63 6022.86 0.54 
485.01 40.74 7432.42 0.07 
22.44 75.86 6209.79 0.50 
364.72 28.09 6450.26 0.23 
332.92 571.53 7517.76 0.29 
260.50 455.12 7157.60 0.38 
155.75 39.43 6328.82 0.46 
507.31 807.52 6809.45 0.52 
558.83 579.56 6443.50 0.22 
50.74 310.27 5964.72 0.17 
478.00 550.49 5806.12 0.46 
561.87 885.26 5952.02 0.45 
578.87 896.88 6455.17 0.34 
754.72 906.04 7380.01 0.40 
361.63 65.79 7187.63 0.30 
305.72 58.77 6324.96 0.28 
907.76 693.10 6314.98 0.50 
559.70 173.20 7065.71 0.52 
859.07 615.92 6818.93 0.43 
135.06 524.07 6425.29 0.47 
796.35 266.16 5779.01 0.34 
586.94 678.22 6198.39 0.21 
880.91 552.58 6538.67 0.31 
752.80 785.34 5707.36 0.51 
620.10 946.78 6736.22 0.46 
168.62 293.84 6944.17 0.46 
806.19 487.89 7056.94 0.33 
716.21 382.69 6934.99 0.36 
897.29 719.60 6845.88 0.51 
226.31 105.31 5827.40 0.43 
403.61 413.97 5987.16 0.35 
235.05 963.89 7496.68 0.17 
708.45 133.82 7702.39 0.33 
163.29 697.57 5860.33 0.42 
392.22 886.43 7093.98 0.43 
381.15 753.69 6708.30 0.47 
692.20 49.63 6235.79 0.36 
531.99 699.85 7169.24 0.37 
576.86 457.26 6586.27 0.45 
47.29 659.26 5807.04 0.38 
851.77 646.46 6808.24 0.37 
492.55 352.18 6289.77 0.37 
256.32 250.58 6561.20 0.55 
576.12 91.07 5839.65 0.48 
