528.25 823.39 6974.09 0.39 
642.86 812.93 6265.29 0.38 
779.81 474.50 5539.88 0.37 
770.84 193.18 7498.32 0.33 
52.27 831.88 7981.91 0.51 
42.30 678.06 6723.49 0.65 
882.66 839.06 7412.13 0.50 
707.10 116.60 6051.53 0.24 
876.75 558.26 7307.88 0.55 
491.65 232.25 7266.57 0.37 
593.45 169.55 6788.03 0.50 
288.20 564.97 6501.42 0.44 
124.46 493.05 7753.70 0.43 
707.03 616.30 6379.10 0.39 
359.76 423.90 5659.71 0.29 
864.12 966.27 7811.73 0.31 
909.26 774.14 6221.99 0.40 
662.20 385.48 7069.46 0.43 
472.57 191.04 6520.29 0.24 
910.40 114.97 6715.61 0.32 
508.37 735.00 7324.81 0.40 
945.72 269.93 7030.65 0.10 
825.65 475.48 6248.46 0.33 
198.81 58.20 6573.77 0.27 
2.38 924.98 5803.41 0.43 
72.35 336.33 6979.26 0.39 
714.00 56.83 7878.28 0.42 
960.22 178.47 6693.32 0.30 
331.50 25.39 7737.28 0.58 
570.07 158.28 6057.24 0.41 
813.19 959.58 6930.18 0.45 
465.25 71.04 7129.49 0.48 
580.09 472.38 5794.17 0.64 
911.43 810.68 6475.53 0.30 
924.23 909.24 7580.12 0.44 
398.21 100.10 6716.06 0.38 
572.71 141.89 5543.19 0.44 
260.74 117.70 6053.35 0.22 
416.79 648.07 6860.82 0.46 
506.57 710.38 5408.27 0.25 
541.13 151.84 5887.27 0.37 
568.84 604.50 6392.73 0.53 
558.75 636.86 7114.94 0.46 
270.58 669.29 6382.86 0.36 
705.10 693.59 6667.15 0.20 
762.43 29.47 6986.03 0.42 
81.04 978.90 6704.53 0.40 
756.92 419.78 5725.98 0.24 
98.79 816.83 7194.41 0.35 
647.35 206.93 6951.60 0.44 
394.35 368.11 7174.46 0.29 
395.18 635.11 7023.12 0.49 
870.36 261.51 6952.31 0.37 
673.45 69.45 6553.15 0.32 
847.51 485.13 6069.21 0.33 
147.60 884.06 7071.94 0.53 
583.86 755.44 6643.48 0.59 
893.17 564.26 6043.60 0.24 
297.68 543.86 7947.37 0.37 
430.14 38.88 7633.93 0.35 
760.59 677.44 6882.71 0.19 
286.88 30.39 5161.88 0.63 
48.26 625.23 5907.40 0.32 
186.83 688.16 7248.49 0.44 
11.60 623.99 7102.23 0.43 
124.99 160.67 6654.73 0.54 
903.15 25.87 7489.91 0.15 
719.66 352.66 7285.28 0.32 
633.07 210.93 6572.97 0.31 
190.35 517.51 6810.04 0.42 
684.15 96.53 6742.06 0.38 
232.66 744.96 7327.21 0.35 
463.45 392.18 6906.33 0.41 
493.74 841.42 6705.93 0.34 
63.77 948.26 6066.24 0.34 
561.45 662.06 5101.46 0.22 
134.09 683.78 6593.04 0.48 
581.42 68.28 6696.91 0.46 
976.34 963.99 7750.41 0.43 
228.64 355.10 5574.91 0.35 
584.29 944.29 5460.14 0.42 
655.37 54.34 7103.40 0.20 
187.93 269.05 6219.31 0.24 
790.48 381.53 6428.08 0.37 
857.37 781.56 6216.95 0.32 
505.68 497.04 6213.68 0.43 
829.25 186.15 5682.58 0.32 
421.73 12.31 5440.75 0.37 
745.98 230.99 7148.87 0.58 
688.50 435.39 5317.80 0.33 
825.49 228.64 6158.77 0.45 
