626.80 625.10 6979.45 0.29 
740.27 613.49 7637.90 0.18 
712.80 761.17 6413.04 0.31 
826.63 717.38 7331.38 0.41 
812.91 639.16 6322.12 0.21 
814.20 797.84 6641.67 0.35 
629.06 549.59 5296.58 0.21 
730.19 738.71 7191.63 0.29 
603.37 906.88 7624.73 0.23 
766.17 861.69 6848.89 0.50 
594.75 810.37 7615.38 0.52 
706.68 896.62 7264.83 0.46 
586.31 622.07 5380.43 0.46 
605.56 690.31 6635.50 0.60 
624.23 599.52 6967.16 0.46 
644.42 554.38 7395.23 0.34 
676.67 840.60 7992.53 0.27 
870.41 635.75 7156.80 0.21 
774.97 725.00 6374.14 0.55 
589.42 583.02 7112.19 0.59 
656.72 638.27 7929.58 0.35 
877.56 571.60 7124.50 0.35 
585.86 934.26 6382.57 0.33 
729.66 586.02 7265.84 0.47 
567.40 922.64 6213.12 0.65 
794.41 646.75 6977.31 0.40 
733.64 617.90 7080.58 0.44 
922.86 796.76 6961.71 0.46 
666.43 655.31 5856.77 0.33 
988.25 698.21 6826.27 0.37 
556.86 633.40 6021.61 0.43 
884.73 826.67 6163.81 0.43 
594.11 649.06 6744.14 0.45 
640.14 765.89 7040.91 0.63 
619.92 647.69 7579.71 0.49 
720.11 810.11 6566.75 0.32 
695.26 824.56 5556.87 0.40 
574.25 731.45 7451.81 0.36 
610.87 567.98 7355.69 0.32 
739.87 733.90 7319.67 0.45 
747.44 1016.41 6613.61 0.30 
