575.81 623.50 7149.98 0.43 
915.77 898.95 7051.30 0.49 
853.29 925.77 7112.55 0.39 
556.55 641.87 7045.89 0.42 
856.25 745.88 6316.93 0.41 
570.61 692.84 5972.89 0.44 
604.18 572.64 7447.98 0.35 
624.07 646.74 7221.05 0.35 
920.27 619.64 6306.59 0.38 
553.97 773.47 5817.65 0.31 
604.02 746.80 6791.73 0.44 
599.39 667.66 4871.91 0.49 
919.30 745.61 7226.58 0.59 
1051.50 842.94 6384.24 0.38 
768.30 922.41 5611.83 0.16 
602.04 663.21 6651.21 0.43 
738.77 674.03 7026.38 0.34 
540.17 619.99 6079.99 0.51 
622.78 548.63 6527.15 0.55 
605.38 902.53 6170.08 0.44 
909.52 676.64 5944.07 0.22 
945.78 778.36 7054.00 0.54 
673.37 641.82 6584.71 0.38 
642.30 746.86 7148.41 0.54 
597.18 960.76 6199.64 0.59 
567.38 624.92 5889.27 0.58 
568.63 809.86 6643.58 0.44 
597.10 928.44 6064.51 0.31 
723.81 733.65 6631.84 0.44 
791.37 714.02 6444.81 0.32 
780.37 632.44 6112.38 0.20 
589.73 681.13 5740.36 0.25 
922.84 745.43 6213.03 0.26 
686.27 654.28 6909.66 0.35 
788.63 927.10 6216.92 0.47 
595.37 674.47 5589.41 0.52 
818.54 682.59 5742.72 0.38 
600.93 829.30 5933.41 0.58 
920.26 560.64 5840.27 0.40 
716.22 841.09 6065.48 0.43 
568.27 784.23 7406.91 0.36 
747.00 591.83 7160.88 0.38 
631.93 820.33 7094.63 0.45 
683.30 874.39 6698.88 0.48 
752.14 598.22 5670.57 0.33 
668.50 640.18 7317.97 0.29 
601.31 829.61 6321.93 0.28 
720.03 856.77 6779.79 0.48 
687.38 955.50 7641.29 0.38 
607.91 969.19 7803.37 0.60 
1118.56 554.29 7086.40 0.41 
575.80 640.76 7443.27 0.58 
935.26 855.49 7809.94 0.23 
843.36 588.37 7072.67 0.57 
611.46 970.82 6888.54 0.30 
578.02 664.91 6007.88 0.44 
583.25 671.21 6934.16 0.53 
693.80 723.07 6128.97 0.39 
648.14 608.26 6973.01 0.28 
759.03 722.80 6667.13 0.41 
624.51 929.04 5908.67 0.33 
556.58 599.57 6023.66 0.47 
800.06 555.80 7292.85 0.55 
688.05 835.74 6656.27 0.56 
567.85 666.75 6962.56 0.17 
871.45 724.24 6344.71 0.37 
781.90 651.80 7716.78 0.34 
599.40 588.96 6138.82 0.47 
989.26 807.99 6324.93 0.26 
595.68 818.23 5501.15 0.36 
646.99 906.71 6208.80 0.33 
708.11 749.06 6766.28 0.23 
719.94 890.90 5809.39 0.33 
604.98 577.93 5946.22 0.39 
687.45 611.12 6659.42 0.26 
667.79 899.78 5363.79 0.32 
690.34 928.19 7269.74 0.36 
638.37 637.70 5570.49 0.57 
583.49 791.95 7461.67 0.32 
701.19 593.22 7181.96 0.42 
821.54 874.73 6404.73 0.39 
