785.94 776.37 5942.69 0.47 
585.70 782.45 7543.22 0.36 
845.31 908.01 5895.66 0.58 
605.17 892.70 6726.43 0.38 
875.60 709.73 6641.41 0.34 
621.88 751.50 7655.57 0.41 
820.34 561.78 7198.37 0.55 
647.67 702.45 6745.78 0.51 
861.52 1056.77 5957.31 0.32 
613.82 549.99 7141.67 0.65 
801.48 582.77 6477.17 0.27 
583.44 624.78 6340.95 0.23 
828.37 699.86 7218.64 0.45 
807.23 794.19 6400.56 0.34 
792.39 541.39 6919.70 0.28 
578.83 594.22 5845.08 0.49 
1064.33 632.40 7052.04 0.38 
674.44 627.78 6358.96 0.29 
570.81 667.01 5857.19 0.36 
787.22 834.53 6409.38 0.34 
810.78 580.14 6861.56 0.45 
814.71 645.09 6565.87 0.49 
657.13 967.23 6583.97 0.45 
596.41 741.14 6654.55 0.32 
826.75 570.04 7679.38 0.59 
1253.78 561.36 6211.54 0.42 
571.75 921.01 6097.19 0.30 
709.76 673.50 6362.80 0.36 
564.10 767.08 5940.89 0.33 
612.84 548.16 7566.72 0.57 
576.65 940.22 7077.28 0.32 
646.08 778.63 6559.99 0.30 
691.49 620.27 6528.56 0.46 
942.06 725.49 4904.18 0.25 
873.68 561.92 5980.41 0.39 
586.09 663.60 5924.31 0.43 
678.04 720.39 7218.97 0.48 
552.32 893.31 6765.59 0.41 
852.57 546.02 7110.54 0.39 
735.94 692.60 7100.68 0.36 
1011.85 608.11 6039.20 0.41 
711.65 715.56 7564.58 0.39 
610.81 602.65 7780.69 0.33 
686.27 724.63 6572.22 0.49 
732.03 956.97 6620.17 0.41 
663.87 882.67 7224.81 0.27 
787.83 959.71 5781.77 0.36 
650.64 830.38 7206.44 0.43 
699.36 565.07 7054.36 0.51 
599.22 656.76 7437.90 0.39 
706.93 759.17 7309.32 0.30 
841.17 998.97 6640.49 0.48 
818.49 880.30 7660.87 0.46 
589.70 668.82 6258.75 0.35 
799.51 664.29 7321.75 0.40 
700.35 828.03 6825.19 0.23 
554.19 708.00 5710.85 0.44 
943.23 665.27 6973.46 0.26 
697.61 1031.93 5805.42 0.41 
968.79 546.00 5989.03 0.34 
654.29 622.64 5746.45 0.37 
564.52 550.68 5696.73 0.34 
957.92 761.89 7249.20 0.34 
994.46 852.08 6389.23 0.61 
909.01 871.26 7746.30 0.38 
824.62 670.17 6811.24 0.39 
656.97 656.95 7907.52 0.33 
686.69 723.92 7056.68 0.41 
796.77 647.13 6170.75 0.42 
556.31 669.59 6639.65 0.45 
600.95 619.29 6979.85 0.40 
902.66 562.10 5952.52 0.31 
591.82 640.40 6604.88 0.38 
550.21 870.64 6234.36 0.34 
664.98 781.25 7150.25 0.45 
858.01 643.23 4980.15 0.31 
674.10 684.88 7042.51 0.36 
658.07 985.70 6117.34 0.43 
751.73 664.23 6590.60 0.58 
777.84 704.52 6751.47 0.18 
620.02 782.16 6315.55 0.46 
830.00 722.20 5842.52 0.33 
782.50 692.17 6482.13 0.39 
693.52 1026.60 6494.69 0.39 
681.55 963.48 7028.93 0.48 
554.82 545.49 7059.47 0.46 
688.82 838.72 5959.77 0.44 
699.88 594.90 6229.66 0.26 
826.54 855.49 6885.20 0.54 
781.17 876.23 7140.42 0.60 
575.61 803.55 6998.47 0.52 
831.84 649.98 6475.41 0.47 
758.75 701.95 7916.45 0.46 
644.11 653.29 6267.02 0.61 
694.48 608.35 7195.23 0.17 
625.06 541.93 6685.26 0.62 
610.77 696.43 7181.07 0.31 
575.57 786.05 6290.07 0.46 
552.91 1300.58 6510.26 0.70 
828.06 714.98 6608.11 0.35 
569.93 851.30 6089.75 0.40 
554.42 553.99 6396.89 0.33 
759.77 1020.17 6490.98 0.32 
684.85 541.78 7233.61 0.29 
816.33 544.87 7955.84 0.38 
700.41 896.49 6098.32 0.36 
802.36 584.78 6942.20 0.29 
656.69 643.99 7258.81 0.51 
945.29 1082.76 6224.08 0.38 
599.69 551.12 6434.23 0.46 
603.97 897.00 7058.41 0.32 
664.93 900.07 6898.27 0.52 
941.15 719.87 7261.69 0.33 
1040.34 703.90 5877.30 0.22 
548.65 671.21 5621.51 0.38 
1019.16 800.33 7142.01 0.45 
666.43 762.66 7485.16 0.42 
572.27 760.36 7339.11 0.38 
602.60 855.60 7020.11 0.48 
757.16 713.14 6547.63 0.59 
688.52 549.50 6899.89 0.34 
646.59 1113.70 6147.50 0.61 
774.00 580.66 6392.46 0.33 
932.78 541.90 7113.42 0.44 
602.38 600.15 7374.91 0.32 
626.15 668.24 5492.17 0.43 
700.91 975.80 6706.95 0.44 
914.20 622.29 6690.13 0.25 
613.21 632.10 6351.57 0.42 
741.67 854.34 5316.41 0.35 
544.39 776.13 5597.72 0.29 
806.49 706.22 6945.84 0.43 
675.76 687.06 6883.53 0.31 
610.15 633.48 6886.66 0.26 
781.03 786.83 7578.51 0.39 
626.05 630.12 5374.27 0.33 
594.65 628.60 6340.67 0.32 
904.52 807.59 6562.61 0.49 
577.47 766.10 6521.00 0.48 
762.66 955.26 6285.52 0.19 
867.02 653.28 6301.53 0.29 
599.85 730.62 5469.36 0.39 
702.54 570.05 6862.16 0.45 
722.58 816.83 6135.20 0.12 
763.13 999.30 6262.75 0.35 
644.13 612.31 6713.87 0.46 
728.31 553.48 5736.37 0.37 
563.88 686.74 6625.81 0.37 
974.32 589.56 6946.17 0.30 
616.49 883.43 7844.21 0.37 
599.41 687.40 6260.15 0.36 
