556.87 591.15 7588.36 0.32 
829.52 661.18 6377.15 0.43 
783.83 712.51 7155.62 0.31 
614.96 710.54 6404.40 0.05 
545.78 869.57 7197.02 0.40 
540.40 763.10 5275.78 0.46 
641.72 546.18 7000.47 0.41 
578.68 1067.16 6132.20 0.25 
767.26 550.64 6332.11 0.60 
560.86 555.13 7829.07 0.59 
637.28 630.03 6239.18 0.39 
566.26 619.91 6370.06 0.54 
797.70 908.70 7196.96 0.46 
782.19 557.99 6202.61 0.49 
688.83 637.65 7194.36 0.45 
551.69 640.66 7188.34 0.22 
821.07 742.29 7034.58 0.52 
679.57 577.32 5474.18 0.50 
648.79 933.25 6631.08 0.50 
662.01 956.47 7776.86 0.49 
1079.21 671.98 7737.23 0.37 
1003.21 713.96 6626.05 0.54 
735.67 622.50 7058.54 0.38 
656.38 881.73 6340.47 0.22 
694.32 633.95 6365.18 0.44 
914.71 817.92 7467.82 0.30 
547.94 1000.13 7471.61 0.41 
784.40 639.70 5720.45 0.45 
703.54 660.00 6060.76 0.50 
879.91 708.86 5608.38 0.48 
576.04 659.39 6739.29 0.40 
