800.95 863.70 6657.10 0.39 
696.81 634.04 6274.08 0.22 
546.49 587.21 6793.84 0.43 
641.37 1002.95 6098.35 0.38 
681.19 619.15 6853.44 0.40 
853.29 699.61 5409.31 0.35 
638.29 956.20 5768.86 0.50 
728.51 914.93 6890.37 0.20 
954.24 992.24 6747.99 0.36 
862.24 1179.60 7159.17 0.43 
657.48 664.74 7610.24 0.41 
784.00 574.60 6377.25 0.33 
931.08 829.52 6748.87 0.49 
576.91 557.25 6334.89 0.41 
546.39 670.55 6784.99 0.12 
799.05 693.35 7668.16 0.50 
708.58 734.08 6891.54 0.51 
754.20 1030.24 7398.77 0.40 
728.05 663.23 5844.01 0.35 
921.99 721.30 6328.20 0.36 
540.70 1067.68 6276.52 0.39 
