655.90 599.11 6259.45 0.43 
798.00 857.44 6222.27 0.38 
570.54 893.82 6570.96 0.30 
960.75 1069.27 6334.55 0.41 
593.23 899.44 6393.00 0.41 
764.44 635.60 6493.37 0.60 
704.74 724.63 6761.78 0.47 
778.77 626.52 7480.59 0.41 
783.18 690.66 6008.25 0.44 
562.14 721.21 5940.86 0.53 
620.43 937.91 6441.35 0.26 
552.78 687.47 6306.32 0.51 
632.25 725.44 7947.76 0.51 
550.48 750.22 6008.52 0.41 
565.50 697.52 6398.81 0.54 
547.97 543.42 6848.13 0.43 
562.24 634.63 6465.13 0.38 
927.55 593.61 7173.82 0.37 
742.81 647.23 6661.67 0.39 
842.83 599.95 7382.64 0.36 
853.29 558.53 6144.70 0.47 
563.72 815.20 6469.55 0.60 
560.59 874.89 7029.78 0.45 
640.02 898.22 6331.53 0.48 
645.62 991.39 7840.87 0.49 
611.44 768.92 6531.76 0.46 
739.18 780.60 7317.00 0.40 
653.05 546.35 7311.79 0.34 
619.64 806.00 6761.35 0.43 
570.10 785.03 6549.12 0.54 
600.03 735.75 7136.04 0.44 
877.58 637.61 7054.02 0.29 
836.01 544.09 7291.16 0.31 
828.68 577.95 6113.31 0.43 
936.20 909.28 6386.90 0.34 
776.69 569.42 6609.08 0.33 
869.74 711.57 6272.60 0.34 
891.94 777.45 7022.25 0.45 
651.15 651.83 5987.84 0.50 
573.68 652.84 7080.98 0.39 
614.86 553.82 6775.51 0.24 
688.46 545.26 7000.07 0.46 
900.48 1110.25 6591.10 0.38 
693.72 762.33 7650.43 0.57 
631.51 859.32 6986.90 0.61 
672.17 777.99 7432.19 0.40 
658.74 982.08 6818.28 0.27 
639.58 944.40 7520.72 0.39 
596.78 812.95 7025.59 0.50 
937.38 569.19 5537.53 0.32 
1108.75 546.70 6941.85 0.33 
1211.90 580.41 6156.26 0.35 
786.19 744.47 7026.27 0.36 
842.72 867.96 6372.04 0.52 
682.67 880.64 7835.73 0.37 
625.61 846.76 5916.10 0.46 
776.66 773.89 6318.89 0.50 
745.91 567.90 6150.73 0.45 
1026.23 613.43 7487.41 0.31 
788.99 865.03 7476.17 0.40 
675.73 694.65 6486.71 0.39 
784.99 774.00 6941.37 0.41 
788.50 759.35 7301.48 0.37 
612.13 612.90 6272.27 0.37 
635.48 654.29 6873.42 0.42 
758.72 761.22 7242.18 0.37 
761.18 729.76 5573.39 0.55 
904.64 820.57 6175.20 0.41 
569.10 827.63 5920.80 0.34 
545.64 611.81 6652.25 0.46 
593.91 664.97 6943.78 0.43 
