600.01 815.87 5852.61 0.19 
685.70 823.30 6010.50 0.50 
777.99 629.54 7049.09 0.32 
684.71 688.01 7061.57 0.34 
662.83 563.39 7869.50 0.17 
943.79 817.89 7102.38 0.36 
991.44 968.68 7384.88 0.59 
769.56 701.89 6732.03 0.46 
847.98 670.11 5896.31 0.48 
786.34 667.01 6452.40 0.27 
759.24 613.74 5986.91 0.45 
613.46 603.66 6100.06 0.32 
869.69 578.74 7641.55 0.25 
678.30 566.42 7429.03 0.25 
658.04 693.91 7230.06 0.34 
589.24 726.46 7051.40 0.37 
1062.80 658.80 6843.47 0.57 
744.82 796.31 6556.11 0.41 
567.77 784.15 6137.02 0.38 
547.12 621.30 6544.53 0.39 
619.09 597.28 5675.71 0.16 
693.64 908.53 6827.38 0.41 
549.92 677.01 7666.83 0.41 
643.06 692.55 6578.75 0.38 
557.58 875.25 6338.77 0.31 
786.29 937.45 7203.48 0.40 
551.23 562.81 6120.05 0.50 
562.16 766.86 7192.83 0.36 
863.67 708.67 6504.67 0.40 
600.47 840.89 7628.65 0.29 
737.76 567.10 5988.77 0.22 
624.06 759.43 6430.23 0.45 
842.48 943.37 6958.41 0.38 
561.30 667.59 7225.36 0.21 
836.13 554.95 6558.73 0.42 
1005.67 563.42 7079.36 0.42 
696.68 779.98 6949.88 0.43 
635.27 682.34 7012.58 0.39 
881.56 704.15 5923.75 0.60 
1048.82 815.19 7443.40 0.48 
905.51 705.00 6611.68 0.51 
568.24 626.57 6808.14 0.49 
727.75 554.44 6779.01 0.50 
619.18 607.67 7466.82 0.42 
551.96 803.26 6382.76 0.34 
574.50 666.88 6415.52 0.49 
626.42 724.55 6713.49 0.53 
621.01 562.92 6953.52 0.35 
706.63 571.91 6653.08 0.42 
706.10 1036.58 6726.40 0.51 
928.49 685.35 6734.58 0.52 
782.11 629.13 5897.41 0.30 
777.07 670.93 6659.29 0.40 
660.26 546.87 7523.27 0.43 
669.01 789.35 6373.02 0.30 
666.91 609.64 5618.73 0.25 
821.65 569.50 5240.53 0.44 
764.09 794.31 7168.73 0.23 
685.84 779.54 6890.59 0.37 
619.56 867.74 6878.95 0.38 
615.31 840.74 5387.35 0.47 
683.17 770.35 7034.15 0.50 
585.67 549.78 6982.94 0.42 
740.37 1033.41 7046.68 0.52 
829.48 660.29 5665.76 0.59 
1250.36 574.15 6844.24 0.43 
657.27 563.77 6658.03 0.24 
555.96 632.72 6041.69 0.53 
715.50 545.40 7574.33 0.31 
588.09 559.26 7602.40 0.51 
824.68 1085.13 6901.47 0.49 
578.01 879.85 7044.90 0.36 
630.75 639.14 6760.86 0.48 
583.05 721.81 6818.80 0.42 
742.02 712.19 5488.80 0.42 
684.13 557.21 7362.64 0.47 
726.82 808.29 7268.39 0.33 
543.46 547.48 5719.48 0.36 
608.56 732.66 7559.55 0.34 
778.25 547.41 5765.67 0.32 
612.25 580.26 5454.88 0.29 
540.04 680.21 6944.47 0.43 
748.20 541.74 7182.03 0.29 
619.96 598.39 6853.26 0.35 
714.61 696.87 5997.07 0.32 
645.18 586.54 5325.08 0.65 
557.14 631.56 7140.60 0.43 
670.27 556.70 6581.65 0.40 
569.59 698.15 6560.92 0.17 
744.15 599.31 6710.57 0.51 
827.62 618.91 6221.84 0.31 
560.50 564.58 7287.05 0.38 
619.58 633.81 4800.65 0.33 
851.86 805.61 6960.46 0.45 
656.83 608.50 7567.68 0.41 
862.57 575.71 6748.15 0.55 
644.03 718.67 6911.49 0.28 
810.24 653.82 5458.11 0.25 
592.17 988.59 7334.20 0.45 
609.18 612.87 7010.74 0.28 
634.95 776.76 6829.41 0.37 
