1038.37 548.17 6245.19 0.35 
583.06 701.42 5812.91 0.45 
643.59 563.81 6562.31 0.48 
923.86 639.43 5932.84 0.47 
685.71 735.30 6356.02 0.39 
887.34 734.84 7713.31 0.33 
642.79 733.25 6422.98 0.50 
933.18 686.68 6745.45 0.33 
708.90 586.99 6534.45 0.52 
624.16 906.47 6433.23 0.40 
1011.29 619.37 6904.77 0.25 
911.37 649.45 5935.54 0.55 
690.08 722.66 7038.99 0.32 
739.34 1169.66 7751.92 0.37 
886.65 552.65 7526.41 0.56 
572.97 563.86 7248.39 0.45 
584.67 858.86 6195.49 0.44 
575.46 613.29 6926.97 0.28 
758.26 699.74 7165.60 0.43 
773.40 788.86 5119.02 0.48 
609.99 628.57 5562.49 0.37 
645.53 550.31 7903.74 0.52 
582.72 875.22 6611.96 0.35 
563.56 723.38 6148.72 0.36 
707.84 737.37 7612.07 0.36 
897.33 727.60 6525.46 0.34 
578.26 984.97 6406.49 0.25 
699.11 855.40 5556.81 0.24 
648.92 579.33 6534.47 0.50 
569.25 579.72 6969.69 0.30 
681.30 634.41 6443.86 0.57 
651.67 802.08 5989.26 0.45 
787.87 934.81 5566.69 0.44 
771.67 787.02 6741.51 0.41 
650.12 626.52 6476.41 0.50 
593.32 600.77 7773.21 0.41 
604.57 693.36 6171.92 0.57 
899.01 790.49 7056.26 0.40 
862.08 541.99 6485.28 0.28 
642.76 886.78 7030.22 0.35 
930.33 959.90 6693.04 0.41 
699.88 720.07 7165.66 0.28 
636.29 589.46 7231.77 0.68 
841.97 658.81 6456.65 0.31 
646.03 721.03 6386.82 0.51 
579.61 691.21 7131.62 0.62 
614.35 886.53 7823.62 0.43 
877.26 654.52 6484.42 0.29 
575.49 743.97 7048.96 0.51 
835.47 786.48 6458.27 0.36 
560.27 667.59 7933.87 0.45 
727.70 972.77 7648.99 0.46 
582.17 599.27 7013.86 0.42 
671.65 576.77 6648.95 0.36 
880.14 908.66 7484.41 0.36 
686.14 609.01 5592.05 0.46 
608.46 796.78 6193.38 0.29 
614.77 582.17 6335.47 0.61 
785.33 658.73 7385.71 0.28 
693.99 841.48 6517.05 0.42 
699.59 731.86 6644.23 0.30 
609.25 727.55 5390.97 0.24 
641.87 655.66 5779.24 0.36 
647.79 551.04 6547.60 0.53 
618.83 995.66 7089.66 0.47 
688.64 718.79 7125.68 0.46 
842.15 807.22 6628.25 0.49 
741.97 664.32 5769.88 0.35 
571.57 926.40 5895.29 0.40 
646.54 952.94 6946.43 0.35 
980.68 796.34 5967.57 0.17 
626.04 610.67 5887.57 0.51 
597.79 657.97 7893.25 0.29 
831.90 693.44 7006.83 0.45 
634.65 595.71 7098.30 0.46 
838.85 619.85 7265.51 0.54 
742.08 548.92 7050.81 0.25 
679.88 623.66 6940.32 0.51 
601.97 628.37 6791.81 0.46 
751.78 834.86 6707.41 0.09 
557.64 670.01 7270.56 0.41 
629.38 649.25 6336.72 0.42 
823.17 752.93 7188.20 0.41 
712.28 577.27 7504.59 0.39 
854.88 886.05 7094.70 0.55 
934.32 818.88 7335.25 0.31 
734.64 570.59 6620.13 0.35 
820.88 707.74 6098.28 0.24 
636.61 832.14 7061.81 0.34 
887.05 572.96 6819.20 0.11 
1018.71 709.94 6826.36 0.36 
679.99 604.19 6744.25 0.25 
931.42 661.20 6972.02 0.59 
692.77 842.26 6495.69 0.40 
601.97 589.48 7016.69 0.41 
818.69 658.66 5723.09 0.46 
552.17 568.04 5161.13 0.34 
675.13 717.08 6809.35 0.38 
548.08 597.51 5656.43 0.49 
840.83 940.52 7046.30 0.35 
578.27 591.89 7572.50 0.37 
580.82 756.80 7674.35 0.48 
957.36 727.84 5878.07 0.39 
675.60 731.77 6838.35 0.21 
794.06 614.24 6971.73 0.35 
900.38 560.23 6835.04 0.48 
578.06 707.08 6089.94 0.42 
719.97 851.66 5737.33 0.35 
1052.09 586.42 7623.57 0.39 
711.04 589.24 6868.31 0.46 
866.75 619.47 6863.93 0.36 
573.89 835.49 6851.99 0.44 
702.57 658.25 6258.18 0.61 
620.69 806.84 5939.88 0.50 
613.36 598.90 6650.79 0.42 
564.62 805.79 7276.09 0.31 
727.42 627.88 7145.11 0.32 
542.05 666.06 5780.26 0.36 
636.24 584.97 7222.63 0.34 
579.51 755.39 7071.54 0.29 
659.96 605.74 7087.28 0.48 
768.22 579.53 7414.69 0.39 
675.67 578.25 6425.23 0.37 
595.41 903.71 7899.26 0.39 
872.18 574.19 6917.88 0.39 
748.59 1143.86 6689.65 0.20 
552.07 622.16 6123.86 0.30 
773.23 694.80 6899.10 0.50 
654.58 800.63 6154.56 0.38 
598.77 1066.62 6293.32 0.40 
550.02 749.51 5773.35 0.35 
588.77 742.97 6250.91 0.25 
749.61 564.41 5721.90 0.41 
616.94 592.39 6624.94 0.26 
722.27 1645.28 6645.27 0.49 
950.73 555.70 5741.48 0.62 
762.71 881.44 5842.35 0.32 
756.20 633.66 7017.35 0.37 
615.46 1077.26 5892.41 0.40 
727.85 804.63 6887.57 0.53 
939.40 749.21 7301.63 0.32 
828.65 639.07 7462.59 0.27 
592.85 595.90 6666.39 0.44 
875.10 600.13 6657.22 0.35 
594.47 922.28 6312.38 0.32 
600.70 689.01 7780.72 0.22 
633.67 583.62 6059.81 0.33 
566.44 571.65 7330.72 0.43 
674.03 809.47 6731.90 0.34 
850.06 719.69 7156.00 0.34 
574.15 945.86 5726.76 0.52 
754.42 644.66 6354.20 0.29 
589.05 707.05 7687.15 0.43 
554.11 753.98 6538.34 0.29 
543.90 748.00 6160.34 0.39 
858.91 583.19 5982.80 0.33 
717.66 630.05 7095.90 0.48 
726.76 670.27 6778.45 0.42 
648.24 793.22 6929.38 0.38 
978.38 688.03 5898.55 0.39 
649.73 736.23 5716.03 0.17 
834.37 842.98 7119.45 0.48 
658.77 646.61 5950.51 0.44 
775.09 886.54 5414.57 0.34 
571.24 550.84 7898.69 0.38 
907.59 649.46 6811.44 0.34 
593.31 718.10 6670.86 0.36 
750.53 736.18 5660.13 0.28 
787.89 645.08 6807.73 0.37 
613.07 587.78 6712.78 0.43 
622.62 549.74 6450.11 0.52 
781.18 880.04 6939.36 0.40 
770.73 561.62 7164.47 0.49 
590.25 840.20 6575.83 0.59 
713.54 723.17 6643.87 0.47 
1172.49 1094.58 5355.04 0.43 
801.41 770.37 6814.66 0.32 
545.50 579.40 6489.63 0.39 
559.77 896.69 6559.34 0.53 
844.89 634.84 7703.17 0.64 
808.23 621.88 6454.36 0.41 
560.17 1030.33 6288.77 0.30 
1014.82 819.81 6523.70 0.22 
881.85 551.93 6224.76 0.53 
623.01 714.58 6082.82 0.41 
865.09 1051.11 6766.11 0.42 
575.69 671.64 6866.89 0.53 
1201.51 735.04 6579.50 0.29 
631.22 588.38 5186.55 0.28 
578.09 564.44 7786.42 0.34 
699.50 546.77 6747.30 0.44 
646.82 765.83 6716.57 0.58 
691.92 710.51 6125.48 0.35 
1083.56 671.67 7501.18 0.49 
600.59 877.44 6279.01 0.45 
1003.21 860.62 7155.06 0.43 
580.68 717.53 7234.29 0.20 
544.84 1067.76 6280.30 0.41 
787.33 667.20 5922.05 0.27 
695.41 691.83 7198.26 0.52 
835.13 552.19 6766.14 0.49 
