627.37 841.16 7882.24 0.59 
553.66 721.22 6636.77 0.28 
727.18 822.42 5372.40 0.35 
610.68 554.02 7287.09 0.37 
546.08 590.06 5784.67 0.31 
719.81 540.84 6468.97 0.43 
596.73 965.91 6735.84 0.39 
715.88 781.14 6744.64 0.41 
579.24 694.29 6502.86 0.41 
873.25 579.35 7005.76 0.39 
885.90 583.94 6315.72 0.24 
760.49 540.47 5768.85 0.45 
605.90 890.87 7082.93 0.40 
913.12 1496.09 6101.38 0.30 
1007.27 568.59 6564.15 0.46 
623.71 680.11 5074.77 0.47 
838.09 752.35 6153.36 0.39 
797.52 592.00 7238.39 0.43 
810.89 819.83 6374.62 0.35 
630.28 734.59 6758.09 0.44 
738.96 811.40 7948.06 0.56 
561.58 746.39 6398.66 0.31 
1177.53 545.42 7409.84 0.40 
749.69 665.44 7201.52 0.40 
647.61 557.15 6831.13 0.55 
550.55 597.75 6613.41 0.23 
564.46 673.36 6319.65 0.35 
827.45 919.98 6682.69 0.60 
573.05 837.64 6882.29 0.56 
588.72 801.41 7242.86 0.42 
1017.88 619.31 5932.84 0.26 
543.43 665.00 5438.06 0.40 
607.30 686.64 6881.61 0.43 
733.99 600.38 5914.04 0.34 
824.92 845.35 5666.60 0.30 
596.54 576.66 6813.03 0.54 
637.56 1112.34 6234.45 0.52 
629.88 805.54 6448.57 0.56 
608.46 670.74 7683.78 0.44 
727.97 615.05 5798.46 0.37 
881.85 800.62 7249.24 0.46 
700.50 579.02 7606.98 0.47 
708.90 831.30 6644.91 0.42 
684.71 562.37 6532.97 0.47 
758.67 634.53 7202.21 0.41 
607.15 609.33 7341.84 0.32 
785.10 587.65 6969.96 0.28 
677.39 578.95 6946.49 0.36 
559.86 896.09 6301.83 0.45 
619.01 769.33 6025.06 0.26 
608.32 569.04 6582.40 0.64 
1004.12 771.61 7210.74 0.19 
799.15 602.87 7452.17 0.37 
632.47 881.13 6869.54 0.63 
583.73 755.39 7066.76 0.45 
588.32 541.67 6782.68 0.56 
738.87 658.37 6806.66 0.48 
819.78 604.08 6737.77 0.40 
641.18 972.64 7503.58 0.34 
658.88 728.34 7434.17 0.49 
665.46 918.45 6845.54 0.48 
856.99 635.86 7603.38 0.33 
628.62 665.66 6836.77 0.41 
545.59 667.16 6992.37 0.36 
630.65 604.51 5281.87 0.31 
696.21 923.50 7392.67 0.48 
953.55 724.78 7199.36 0.42 
682.47 706.08 6129.10 0.32 
594.57 781.52 7343.76 0.48 
579.36 557.42 6372.72 0.48 
610.54 607.19 5288.49 0.31 
730.60 765.40 6522.85 0.59 
687.00 682.91 7386.72 0.61 
579.40 710.72 6971.66 0.51 
691.54 828.27 6961.77 0.53 
570.51 822.11 7244.83 0.37 
802.16 811.37 7777.28 0.39 
849.78 627.93 7691.18 0.46 
898.72 820.19 7827.71 0.28 
731.17 695.58 7578.75 0.44 
928.79 719.04 6927.85 0.36 
753.29 652.80 6920.66 0.31 
666.11 663.66 6414.99 0.41 
629.88 563.88 7630.97 0.43 
663.71 612.80 6155.53 0.37 
692.11 788.23 6998.65 0.49 
767.26 752.28 6541.48 0.49 
556.78 655.26 7153.62 0.55 
738.78 673.63 6354.22 0.35 
583.48 708.55 6306.13 0.49 
644.36 667.25 7458.41 0.46 
