599.02 542.01 4313.60 0.36 
567.22 558.09 3762.93 0.26 
639.51 559.46 3677.78 0.49 
775.56 563.69 4005.99 0.38 
644.40 598.42 4694.43 0.49 
734.15 561.41 3547.31 0.52 
700.06 628.65 3754.49 0.32 
674.64 660.03 3716.14 0.46 
606.18 596.64 3771.56 0.34 
731.94 626.20 4436.50 0.35 
566.51 605.67 3415.18 0.54 
641.54 652.65 3287.04 0.53 
553.84 734.74 3795.92 0.40 
652.53 562.05 4516.44 0.39 
612.89 575.30 3124.77 0.23 
635.66 660.33 3924.99 0.55 
543.17 776.73 5365.03 0.48 
554.08 564.20 2588.87 0.44 
667.76 628.08 4950.15 0.29 
603.20 548.84 4435.13 0.35 
570.64 689.86 4043.94 0.22 
647.54 826.15 4293.88 0.41 
553.33 768.37 4197.12 0.48 
552.21 677.30 4573.89 0.50 
542.65 642.22 4392.56 0.42 
592.74 547.29 4257.01 0.55 
577.13 622.48 4552.91 0.25 
573.25 568.64 4104.52 0.33 
594.19 614.61 2890.40 0.49 
634.17 553.43 4901.73 0.33 
747.91 600.13 4403.34 0.33 
556.10 650.56 4684.96 0.51 
545.42 687.09 3416.88 0.47 
630.01 625.76 4954.18 0.42 
647.35 792.44 3931.38 0.42 
566.04 582.34 3325.74 0.40 
739.10 725.74 3478.73 0.60 
660.45 557.85 3420.44 0.26 
745.68 623.73 4316.82 0.36 
592.46 648.72 3232.56 0.34 
634.22 599.44 3762.79 0.59 
684.98 570.25 3229.40 0.38 
576.24 626.08 4416.37 0.47 
540.42 561.55 3369.86 0.40 
739.88 612.42 4138.67 0.29 
733.30 707.81 4265.02 0.26 
623.98 569.86 3562.59 0.17 
623.00 758.16 3753.71 0.32 
593.05 561.11 4631.38 0.15 
772.60 568.08 4680.03 0.43 
643.32 566.07 4347.53 0.22 
669.81 562.98 4190.39 0.33 
610.69 623.21 3748.81 0.44 
623.98 572.03 4253.52 0.51 
634.35 648.09 4057.01 0.44 
560.35 545.24 2613.25 0.37 
560.95 717.37 2304.35 0.48 
682.25 740.64 5463.91 0.46 
687.52 603.07 3880.45 0.26 
544.69 734.17 2832.72 0.57 
598.03 664.29 2551.69 0.30 
569.82 570.68 4006.27 0.38 
578.95 606.88 3452.09 0.39 
622.82 540.97 4051.52 0.47 
601.87 606.91 4927.75 0.58 
637.64 569.25 4725.41 0.32 
564.98 603.06 2791.54 0.38 
623.02 758.24 4305.31 0.37 
686.98 541.04 4120.96 0.18 
540.49 562.19 3892.22 0.37 
540.68 636.56 5196.43 0.43 
655.23 561.44 3955.67 0.37 
577.68 727.77 3297.37 0.64 
668.14 685.30 4172.28 0.33 
547.63 723.76 3862.72 0.19 
548.49 592.10 4580.04 0.37 
610.99 570.84 3691.50 0.41 
580.56 547.14 4576.39 0.59 
645.89 570.62 3499.17 0.48 
712.95 598.35 5517.50 0.38 
696.93 575.58 1878.62 0.38 
625.83 594.17 3731.74 0.27 
634.26 576.94 3790.94 0.40 
774.31 551.03 5126.33 0.38 
632.20 559.04 4109.71 0.46 
668.13 562.04 4283.29 0.32 
583.59 548.92 4779.49 0.28 
576.27 585.81 4419.78 0.38 
704.33 858.25 5213.83 0.38 
650.66 594.87 4016.45 0.47 
727.92 820.20 4140.43 0.51 
618.91 558.49 3922.82 0.36 
589.78 551.20 3377.86 0.46 
584.57 674.36 4925.52 0.52 
570.20 580.71 3654.06 0.44 
580.73 551.11 3528.15 0.38 
598.62 603.50 4874.70 0.24 
691.41 861.91 3487.83 0.35 
710.38 671.93 3454.78 0.29 
638.24 581.23 4726.34 0.39 
595.20 549.13 4495.12 0.52 
