605.25 598.19 4604.77 0.41 
804.63 543.43 5317.88 0.63 
553.88 677.84 4618.39 0.33 
564.13 567.46 5389.71 0.33 
571.26 702.35 3160.95 0.39 
552.12 667.47 3045.63 0.39 
653.56 575.49 3241.48 0.65 
557.58 624.93 4578.77 0.45 
631.00 638.52 4564.08 0.49 
551.12 747.91 3395.12 0.42 
622.47 542.69 3040.17 0.43 
645.15 599.77 4773.61 0.35 
558.95 548.23 3785.97 0.29 
630.30 581.76 4444.45 0.41 
545.90 604.54 4131.36 0.38 
563.44 570.02 1218.60 0.59 
710.46 609.15 4460.92 0.32 
552.78 661.50 4594.74 0.36 
573.48 585.11 3474.94 0.48 
559.46 617.49 3440.27 0.41 
821.11 668.00 4591.48 0.45 
554.78 571.49 3646.39 0.25 
659.30 581.90 4057.53 0.52 
577.58 577.62 5377.61 0.45 
830.63 542.68 4017.92 0.38 
657.40 769.02 3796.24 0.31 
540.05 679.14 3731.44 0.41 
549.31 564.36 4762.67 0.46 
622.26 716.13 3145.62 0.61 
598.33 544.24 3409.01 0.45 
576.24 594.10 2844.27 0.38 
