639.54 662.43 3720.35 0.37 
593.79 571.40 3038.73 0.57 
552.41 651.09 4422.13 0.54 
666.01 629.68 4529.24 0.30 
621.86 587.28 2894.84 0.36 
640.02 617.07 4163.10 0.38 
726.79 609.02 4089.48 0.45 
552.97 558.16 4166.09 0.44 
583.62 601.55 3682.31 0.42 
717.29 641.55 2769.55 0.35 
659.55 580.93 4856.47 0.30 
649.58 554.46 4252.34 0.41 
541.40 590.08 3225.33 0.33 
585.60 659.03 4509.24 0.56 
635.55 578.05 4175.05 0.46 
554.49 589.48 3963.91 0.43 
623.94 569.41 4395.48 0.51 
655.04 566.92 5263.11 0.39 
601.26 584.36 4728.03 0.31 
637.61 593.91 3676.03 0.38 
569.25 628.29 3869.90 0.37 
