586.44 545.66 3644.44 0.32 
545.38 712.52 4574.43 0.34 
653.55 596.23 3159.78 0.40 
667.56 683.27 4314.86 0.27 
555.84 569.54 3370.14 0.35 
595.15 586.34 3850.06 0.42 
599.84 686.01 4610.20 0.41 
675.57 586.78 4341.03 0.36 
563.70 680.68 2616.28 0.42 
564.81 707.08 4968.82 0.37 
739.44 547.31 3350.63 0.39 
676.08 593.37 3511.86 0.33 
705.64 630.29 3340.56 0.28 
562.98 570.44 4014.59 0.41 
550.40 595.77 3890.69 0.38 
548.56 648.41 3391.02 0.52 
691.57 590.65 2300.40 0.48 
643.96 721.01 4183.52 0.34 
545.30 671.39 4136.54 0.21 
573.91 584.17 4393.40 0.28 
570.50 594.95 2943.48 0.39 
704.74 587.64 3095.45 0.22 
573.52 686.80 3819.28 0.51 
656.13 583.38 3379.74 0.40 
803.10 711.28 3650.13 0.51 
591.26 550.02 4208.44 0.29 
580.20 672.69 3583.72 0.32 
621.76 569.42 4691.40 0.29 
687.17 617.54 3721.99 0.34 
665.40 694.28 3567.98 0.38 
614.72 571.29 4047.01 0.39 
682.72 542.12 2987.85 0.47 
561.53 639.98 3883.60 0.35 
572.50 693.79 5078.94 0.48 
548.88 631.13 4214.56 0.28 
687.59 676.61 4647.34 0.48 
771.96 653.41 3176.03 0.57 
567.65 763.88 3466.73 0.31 
565.49 649.58 5035.37 0.32 
555.77 555.92 4881.92 0.57 
617.14 727.42 3227.16 0.19 
585.43 639.71 5114.20 0.20 
617.93 560.34 4509.52 0.37 
716.99 599.98 5777.58 0.51 
565.22 543.84 3474.44 0.53 
669.97 591.62 4241.29 0.30 
552.14 589.08 4669.78 0.32 
540.90 563.08 4913.93 0.48 
558.92 732.22 4931.24 0.51 
605.84 629.96 4371.05 0.47 
618.80 572.96 3564.39 0.30 
638.34 646.22 4233.83 0.40 
645.77 624.18 4675.34 0.45 
603.70 825.89 3950.30 0.44 
607.79 769.23 5090.63 0.27 
615.06 658.35 3610.77 0.33 
654.39 602.59 3593.65 0.33 
656.79 551.78 3902.91 0.47 
559.87 587.50 3377.01 0.32 
575.41 617.09 2240.92 0.45 
665.71 738.31 3769.92 0.16 
575.01 633.04 3381.52 0.39 
621.34 668.66 3315.09 0.43 
579.27 595.69 3288.04 0.39 
608.77 593.50 4756.82 0.39 
634.03 723.67 3677.48 0.42 
714.97 561.95 4404.47 0.27 
865.94 546.69 3756.55 0.46 
809.02 605.53 4117.55 0.45 
673.23 541.16 3983.50 0.33 
591.77 591.95 4477.69 0.38 
623.84 600.44 4841.15 0.53 
605.72 556.30 3459.53 0.37 
710.29 589.05 4137.90 0.35 
761.45 589.84 2762.26 0.37 
654.43 559.49 3751.64 0.37 
676.51 562.72 4392.78 0.41 
647.92 577.27 3511.78 0.52 
558.57 666.76 5214.02 0.44 
562.63 627.79 3636.85 0.47 
679.54 585.97 4610.59 0.52 
