675.85 656.15 2740.68 0.45 
541.44 679.48 2901.04 0.47 
564.34 550.48 2836.71 0.57 
557.06 540.24 4402.17 0.33 
547.77 545.55 2998.27 0.48 
699.47 690.12 4212.83 0.52 
576.36 677.93 2992.25 0.43 
764.74 630.44 4781.61 0.38 
770.30 554.70 2233.63 0.39 
652.67 606.95 3918.98 0.42 
643.07 580.67 4364.28 0.52 
887.21 572.55 3688.84 0.19 
617.49 696.03 3291.68 0.47 
611.44 576.37 4242.20 0.32 
784.50 628.57 2514.77 0.12 
676.99 617.81 5008.19 0.42 
564.70 598.99 3679.43 0.51 
643.30 590.94 3964.59 0.62 
555.58 730.78 3745.56 0.38 
633.42 583.97 3742.92 0.37 
547.86 621.78 3881.50 0.40 
548.53 632.28 3667.77 0.41 
640.93 544.76 4335.55 0.60 
566.24 626.28 3254.53 0.46 
584.84 654.23 3971.81 0.33 
643.15 693.27 3585.38 0.27 
575.14 593.59 4135.59 0.31 
607.70 545.03 4807.15 0.45 
555.56 616.73 3497.12 0.49 
614.90 600.62 4072.72 0.48 
647.22 614.36 4377.62 0.24 
657.86 628.77 3650.16 0.26 
609.24 559.11 4768.82 0.37 
614.65 602.38 3252.26 0.31 
561.74 557.49 4474.00 0.38 
654.27 579.88 4433.43 0.38 
672.49 570.88 4197.93 0.31 
555.16 567.58 4359.11 0.51 
567.26 770.92 3036.50 0.47 
721.11 540.22 4702.46 0.62 
601.19 589.95 3308.57 0.41 
704.70 549.38 3860.59 0.41 
741.37 612.69 4326.91 0.46 
620.53 543.27 4073.19 0.38 
594.34 594.54 4034.29 0.37 
676.98 881.53 3989.65 0.51 
544.80 568.79 3141.93 0.38 
653.02 609.78 3666.19 0.44 
639.82 545.26 4775.88 0.35 
576.25 574.06 3110.58 0.41 
648.54 560.29 4691.14 0.48 
673.65 704.69 3466.73 0.43 
564.57 732.21 4068.23 0.33 
721.98 708.92 5643.23 0.37 
652.48 604.68 3600.45 0.42 
687.14 625.73 4393.20 0.44 
552.22 554.23 4692.14 0.35 
747.44 554.58 3769.07 0.37 
590.76 589.76 3459.52 0.22 
652.43 559.55 4237.16 0.36 
729.55 682.31 4565.44 0.42 
568.07 553.46 4100.14 0.34 
786.50 661.63 4284.62 0.41 
648.06 546.41 3649.49 0.35 
620.55 540.91 3551.21 0.53 
565.98 610.21 3174.39 0.39 
624.74 675.00 3846.22 0.52 
587.72 864.98 5118.47 0.34 
597.29 559.28 3941.57 0.37 
578.06 593.64 5602.21 0.49 
603.91 554.31 4529.95 0.39 
