580.25 698.27 3596.26 0.34 
669.10 587.28 4490.12 0.31 
625.85 550.77 2628.25 0.36 
575.57 664.88 3215.52 0.48 
572.55 702.58 4142.71 0.42 
546.52 604.43 3101.79 0.41 
606.46 558.77 3480.64 0.38 
632.87 645.77 4867.54 0.36 
597.40 593.63 3852.76 0.34 
608.40 587.29 3636.30 0.41 
686.55 625.16 2885.97 0.39 
658.69 545.18 4073.90 0.27 
608.78 736.30 3248.67 0.56 
737.09 547.73 3511.95 0.35 
572.96 602.30 4886.50 0.52 
640.58 687.43 3918.90 0.38 
600.24 588.92 3437.28 0.30 
553.10 597.63 3926.37 0.43 
749.56 609.86 4437.58 0.26 
572.49 568.35 4209.81 0.44 
638.16 560.57 4187.41 0.50 
623.31 702.75 4193.22 0.68 
564.98 606.90 4240.06 0.31 
556.98 734.76 4083.77 0.58 
589.43 660.40 3917.38 0.37 
630.95 568.67 4075.57 0.37 
656.73 639.21 4416.09 0.49 
543.68 624.86 4564.01 0.46 
663.70 581.53 4211.40 0.39 
607.86 566.73 2909.12 0.42 
623.65 751.96 3375.55 0.48 
674.02 652.30 4195.68 0.62 
597.33 564.72 5236.76 0.48 
676.11 554.55 4136.89 0.37 
650.67 595.06 3959.00 0.38 
571.55 576.78 4037.43 0.56 
660.77 588.52 3629.16 0.27 
641.57 640.65 4675.63 0.36 
542.14 639.21 4263.06 0.38 
781.84 634.84 4593.51 0.29 
568.57 568.09 4577.09 0.52 
599.90 639.10 3763.41 0.24 
687.61 910.34 3154.63 0.36 
682.84 654.28 3924.97 0.25 
606.07 621.22 3489.88 0.44 
541.12 687.78 4032.40 0.44 
640.56 657.30 3740.65 0.45 
568.49 651.06 4531.29 0.40 
637.58 810.04 4327.77 0.24 
757.26 561.49 5857.66 0.24 
727.77 565.74 5358.93 0.58 
572.11 569.93 4423.69 0.37 
651.95 727.31 4692.99 0.50 
654.11 547.12 4486.77 0.22 
574.43 597.27 3654.26 0.45 
576.27 544.70 3478.36 0.18 
561.13 660.72 3268.93 0.53 
647.23 579.19 3799.60 0.46 
616.65 645.66 3720.63 0.39 
763.16 615.56 3529.15 0.45 
571.49 647.20 4461.03 0.42 
633.76 642.82 5162.23 0.33 
561.34 556.15 4471.76 0.29 
582.92 734.89 3082.41 0.42 
584.29 574.04 4254.68 0.24 
560.04 584.37 3863.49 0.51 
590.49 584.38 3783.21 0.33 
601.57 593.07 4319.90 0.28 
619.53 591.84 4770.29 0.41 
668.89 557.65 3450.91 0.44 
557.10 589.44 4169.11 0.34 
577.38 588.58 4228.50 0.37 
570.90 677.37 3952.85 0.23 
584.12 663.36 2547.88 0.41 
700.08 547.13 3864.62 0.21 
650.14 540.14 3662.38 0.42 
574.86 648.02 5437.09 0.29 
553.04 673.58 3994.52 0.46 
705.20 670.81 4434.79 0.34 
554.66 578.51 4466.38 0.49 
569.12 737.01 3779.52 0.39 
699.43 615.74 4094.18 0.36 
569.70 634.89 4570.19 0.55 
610.82 599.30 3081.79 0.40 
544.49 736.46 2948.81 0.42 
574.39 679.56 4212.83 0.24 
611.86 612.51 4250.27 0.28 
634.88 570.98 5565.55 0.40 
674.32 612.42 3292.08 0.42 
605.90 541.88 4155.95 0.29 
619.03 617.83 3533.41 0.55 
554.57 727.48 4021.25 0.51 
855.99 709.84 3950.02 0.68 
547.42 624.75 4047.18 0.30 
684.06 848.02 3148.94 0.47 
641.85 617.09 3824.00 0.28 
599.00 554.10 4961.01 0.52 
544.39 575.52 4154.10 0.39 
624.77 667.36 4008.68 0.36 
607.15 675.23 3613.17 0.35 
550.15 646.19 3961.18 0.52 
562.11 706.27 4918.45 0.54 
552.41 663.64 4829.99 0.37 
619.39 601.60 4326.65 0.49 
590.19 687.69 4449.58 0.49 
651.86 563.23 3765.47 0.33 
614.94 594.88 4146.00 0.39 
608.82 556.39 3791.90 0.35 
560.75 629.71 3450.52 0.32 
644.49 576.34 2525.04 0.35 
562.06 574.58 4412.95 0.20 
633.10 550.10 2798.57 0.43 
796.95 599.31 4284.61 0.49 
584.47 621.15 4664.14 0.34 
565.36 572.35 2477.73 0.48 
793.64 594.85 4662.08 0.37 
583.60 701.40 5222.69 0.32 
690.09 597.82 3678.28 0.22 
560.10 735.50 4299.52 0.27 
624.29 665.51 4044.39 0.42 
567.56 733.30 3994.31 0.44 
572.95 609.73 4108.68 0.34 
590.37 553.50 4831.26 0.06 
590.04 585.33 3612.88 0.29 
576.07 637.95 3951.32 0.18 
650.03 652.25 3889.45 0.31 
790.87 693.53 3151.57 0.49 
557.94 890.92 4806.43 0.31 
542.41 582.19 4554.36 0.48 
557.53 611.89 3836.13 0.53 
742.10 578.02 4283.75 0.32 
573.87 618.82 4460.90 0.47 
657.90 551.44 3144.76 0.62 
541.83 698.72 3546.34 0.41 
595.12 552.74 2020.01 0.73 
706.03 558.88 4203.70 0.26 
570.07 545.08 4644.95 0.31 
712.57 613.00 5060.61 0.42 
611.72 548.79 3686.94 0.60 
621.22 582.25 3306.87 0.39 
581.32 551.30 4348.00 0.53 
556.92 655.45 3659.34 0.25 
570.11 694.59 3202.29 0.58 
584.54 661.23 4208.20 0.42 
660.72 581.26 3813.65 0.34 
786.12 556.54 3744.08 0.50 
732.12 683.90 2950.28 0.14 
542.06 773.44 5124.17 0.56 
546.53 679.70 2890.50 0.53 
571.20 644.05 4569.24 0.41 
715.19 606.22 4189.05 0.34 
562.15 626.88 2847.48 0.24 
655.88 550.09 4257.76 0.57 
616.75 576.31 4184.27 0.59 
632.91 594.21 3508.68 0.45 
621.32 634.59 5576.31 0.40 
612.81 635.34 3734.82 0.39 
584.06 660.90 4239.45 0.35 
697.93 655.35 4382.80 0.35 
717.47 583.47 3555.34 0.38 
604.60 559.31 5705.18 0.33 
581.86 610.19 4878.36 0.54 
603.87 734.28 4195.28 0.34 
544.64 727.70 5591.61 0.34 
554.49 573.10 2473.96 0.33 
626.22 599.84 4437.74 0.42 
552.16 606.59 4425.92 0.65 
594.98 675.94 3662.73 0.41 
549.40 667.73 4631.47 0.25 
764.02 582.99 3801.73 0.25 
571.82 601.98 4156.12 0.32 
547.87 668.46 2796.47 0.33 
559.66 572.95 4200.34 0.33 
654.74 568.38 3665.42 0.33 
577.91 607.70 4973.90 0.50 
621.97 674.73 3446.27 0.32 
545.70 705.82 3401.87 0.25 
608.91 620.64 4672.19 0.31 
587.37 554.78 3961.76 0.36 
700.73 575.12 3579.31 0.55 
577.96 637.71 3074.49 0.41 
699.29 770.59 2830.88 0.48 
783.05 659.66 4061.09 0.44 
564.01 631.06 4505.51 0.34 
596.61 714.80 2591.09 0.41 
690.32 609.28 5068.57 0.51 
622.74 540.45 4042.25 0.33 
595.01 578.40 4387.56 0.33 
573.60 637.69 3977.37 0.29 
551.64 639.40 2959.22 0.43 
549.94 622.82 3237.51 0.53 
576.14 551.83 3668.02 0.41 
732.00 561.42 4142.74 0.38 
561.21 656.24 5022.89 0.33 
721.93 739.28 3498.28 0.57 
563.12 657.02 4363.34 0.51 
732.03 677.95 4103.01 0.47 
832.25 585.16 4730.59 0.26 
805.06 651.99 3942.45 0.25 
590.00 546.58 2971.97 0.41 
594.69 596.42 5464.50 0.39 
