626.96 567.40 4210.89 0.35 
540.24 621.77 3671.63 0.27 
610.82 628.73 2861.20 0.29 
751.94 768.56 4522.94 0.47 
659.97 583.33 4397.85 0.43 
590.98 555.13 4522.41 0.42 
598.89 545.45 4477.60 0.31 
653.29 546.64 4065.20 0.31 
602.19 620.50 5245.21 0.36 
557.75 681.59 4478.42 0.40 
561.15 674.63 5062.61 0.33 
640.51 602.90 4365.81 0.40 
636.52 564.69 2807.28 0.24 
570.32 585.54 3166.43 0.41 
590.62 561.39 4372.81 0.35 
586.52 604.58 4240.33 0.22 
603.27 732.65 4775.46 0.36 
624.00 556.18 4597.43 0.35 
562.38 557.62 2952.85 0.50 
566.27 651.50 3631.01 0.55 
689.67 632.09 3748.37 0.52 
583.95 651.03 4463.47 0.30 
608.38 731.94 2645.41 0.28 
722.19 563.64 4813.31 0.27 
545.42 716.21 3782.97 0.43 
697.57 543.49 5239.88 0.09 
550.37 573.73 4341.31 0.35 
673.22 594.56 4098.82 0.43 
619.87 617.54 3742.27 0.35 
618.30 563.31 3414.21 0.30 
578.19 744.47 3923.26 0.49 
580.98 575.30 4127.17 0.37 
567.05 623.12 4916.00 0.35 
649.49 632.05 4036.95 0.40 
647.12 634.85 3950.36 0.40 
609.14 724.07 3667.10 0.42 
630.41 568.51 4493.69 0.33 
576.81 683.09 3215.64 0.56 
775.20 552.96 3996.05 0.22 
593.91 540.39 3063.37 0.40 
587.33 710.57 5111.53 0.21 
