651.29 619.35 3990.49 0.36 
571.56 571.97 4517.39 0.52 
750.53 557.71 3745.95 0.43 
592.73 647.53 3292.24 0.39 
571.25 592.40 4791.59 0.38 
543.41 571.48 2489.89 0.53 
667.17 583.12 4327.53 0.37 
590.99 625.32 3884.88 0.35 
541.79 610.22 4238.15 0.57 
610.04 651.27 3599.01 0.25 
563.97 609.14 3498.38 0.45 
651.04 570.06 3686.61 0.27 
680.66 682.26 4459.84 0.48 
607.36 603.07 4403.29 0.21 
584.16 670.87 3735.20 0.34 
625.64 711.49 4352.96 0.43 
654.60 579.50 2487.20 0.42 
654.71 622.08 3956.61 0.36 
563.73 553.08 4496.63 0.33 
763.78 670.57 3524.45 0.23 
649.89 590.91 3808.89 0.52 
613.06 566.99 4073.99 0.46 
646.71 656.21 3380.34 0.39 
559.66 689.15 3964.68 0.53 
543.89 655.95 3055.32 0.40 
715.45 550.77 3915.22 0.68 
577.23 671.88 3602.29 0.32 
627.60 698.07 2854.05 0.57 
552.80 738.78 5603.19 0.48 
616.61 716.74 3447.20 0.24 
584.43 779.62 4994.62 0.42 
697.55 559.35 3803.54 0.30 
564.48 732.15 3952.44 0.35 
631.69 761.17 4897.25 0.31 
676.58 596.58 2988.76 0.45 
633.63 618.63 5187.12 0.43 
667.71 629.86 4489.75 0.32 
590.16 574.81 4601.55 0.32 
651.18 781.64 3711.56 0.27 
667.37 674.52 4142.05 0.44 
570.24 565.72 3513.64 0.61 
658.32 645.90 4779.65 0.39 
575.19 781.83 4798.05 0.23 
572.85 572.56 3106.98 0.52 
543.06 570.34 4058.57 0.37 
621.16 654.32 4535.48 0.41 
648.80 627.84 4064.84 0.30 
572.05 667.09 4791.78 0.36 
601.19 544.22 4137.00 0.42 
760.31 596.94 4488.12 0.36 
575.54 640.02 3604.54 0.48 
723.68 699.70 3748.87 0.33 
649.88 699.90 5239.79 0.51 
565.43 670.87 3398.31 0.47 
562.07 660.22 4272.25 0.36 
636.54 549.07 3675.37 0.46 
580.45 634.27 3835.91 0.35 
616.99 661.25 3555.99 0.53 
550.38 642.47 4616.29 0.36 
715.36 681.98 5132.94 0.19 
658.49 817.11 5832.85 0.34 
659.35 594.35 4269.33 0.55 
629.77 607.10 4196.91 0.49 
568.95 550.23 4488.50 0.39 
640.64 552.70 4262.62 0.48 
612.03 648.95 3975.54 0.44 
612.46 780.96 4239.74 0.48 
608.10 674.54 3422.42 0.45 
625.45 675.32 4689.15 0.18 
682.93 588.36 3207.31 0.65 
599.94 572.42 3082.72 0.57 
574.34 583.43 4033.78 0.48 
637.26 585.73 4331.31 0.46 
570.29 679.96 3289.41 0.44 
543.53 659.01 3950.82 0.60 
600.43 546.49 4191.74 0.42 
573.62 657.57 4740.16 0.46 
708.79 638.83 3298.43 0.36 
593.09 548.54 3515.31 0.24 
669.05 668.41 4017.34 0.31 
626.17 559.41 5237.46 0.45 
647.81 569.96 2841.15 0.34 
625.54 624.06 3488.52 0.40 
562.55 563.01 4047.63 0.37 
541.93 695.26 3695.79 0.34 
595.21 594.01 4865.42 0.54 
574.65 556.20 2919.57 0.39 
604.17 639.02 3268.80 0.47 
580.32 631.02 2946.52 0.48 
625.40 701.25 3218.52 0.41 
621.58 552.46 3440.56 0.25 
