562.83 601.18 4193.23 0.31 
558.74 600.30 4382.88 0.40 
551.78 695.60 3986.60 0.43 
642.35 607.45 3537.25 0.25 
605.57 640.21 4484.70 0.19 
601.46 653.04 3319.83 0.50 
623.27 561.26 4032.33 0.31 
667.41 603.23 3406.49 0.32 
657.41 546.29 4469.23 0.21 
587.23 545.56 4127.81 0.51 
575.06 633.16 3652.21 0.55 
605.44 545.85 4249.36 0.44 
814.70 568.28 3074.36 0.51 
625.07 610.44 4824.00 0.56 
562.93 645.83 3408.43 0.43 
647.97 564.88 4643.87 0.36 
626.47 678.27 3909.25 0.43 
577.13 544.49 4639.19 0.34 
644.69 622.10 4083.26 0.54 
702.21 623.84 5064.63 0.23 
683.78 582.58 4041.13 0.43 
621.84 662.65 4704.13 0.36 
549.85 685.78 5187.50 0.46 
700.75 606.40 4737.72 0.28 
596.42 577.84 4139.85 0.34 
642.06 542.56 3719.08 0.28 
631.10 645.95 3642.25 0.46 
591.06 589.04 4868.04 0.45 
574.74 675.98 4367.02 0.35 
555.66 761.15 3923.69 0.51 
549.37 575.98 4836.68 0.58 
569.36 704.24 3815.87 0.55 
596.03 540.94 4021.49 0.38 
606.96 547.13 3418.54 0.48 
657.66 661.83 4308.56 0.42 
650.20 591.62 3590.29 0.26 
599.65 543.55 4481.22 0.37 
602.46 662.01 4113.89 0.40 
580.19 646.69 4015.81 0.46 
622.27 799.12 3418.39 0.27 
540.65 574.47 3882.11 0.40 
543.28 549.71 3920.46 0.40 
645.34 652.99 4304.72 0.42 
601.58 578.62 3109.48 0.28 
608.98 838.80 3896.23 0.37 
624.33 599.79 3259.63 0.53 
604.76 661.72 4110.08 0.47 
839.60 681.77 4432.17 0.41 
550.97 623.78 3073.42 0.28 
547.09 612.36 4594.74 0.34 
681.25 606.95 4807.07 0.25 
607.27 695.71 4146.08 0.44 
577.98 665.09 3591.68 0.29 
600.08 662.55 4227.10 0.32 
701.43 665.53 3266.53 0.35 
678.02 593.91 5119.89 0.34 
650.31 563.44 3716.12 0.52 
556.64 549.45 4521.41 0.31 
624.00 863.70 4260.77 0.42 
773.71 619.72 3061.44 0.47 
624.45 600.66 4262.46 0.38 
681.19 580.45 3670.16 0.44 
618.97 603.64 3736.28 0.31 
650.82 616.71 4557.92 0.41 
631.25 653.95 3616.46 0.29 
623.71 552.43 4282.34 0.46 
554.22 570.80 3450.57 0.52 
560.62 658.24 3838.62 0.46 
808.83 625.12 4210.99 0.53 
596.73 585.85 4407.38 0.30 
593.95 541.98 3639.95 0.45 
550.69 620.61 3250.84 0.19 
617.43 615.61 3181.88 0.48 
624.82 623.07 2830.63 0.30 
653.98 618.03 2919.53 0.44 
695.54 559.70 3139.44 0.17 
576.55 668.52 4224.87 0.24 
551.35 686.94 3317.32 0.38 
673.74 562.66 3458.51 0.33 
602.92 607.05 4787.41 0.43 
678.01 596.21 4158.04 0.39 
693.08 617.41 4485.49 0.24 
563.88 593.55 4683.92 0.53 
643.05 578.21 4211.94 0.36 
549.38 554.81 4714.22 0.66 
556.81 613.33 4029.60 0.51 
660.00 548.44 3222.06 0.41 
569.84 544.29 4878.12 0.47 
687.79 555.72 4543.52 0.35 
664.30 598.91 3332.51 0.38 
588.32 648.24 3630.60 0.43 
663.69 812.02 2972.70 0.49 
607.30 651.95 3329.70 0.48 
548.88 630.41 4338.31 0.41 
652.48 711.32 4291.28 0.35 
564.49 644.37 3797.51 0.45 
592.50 803.43 4400.48 0.48 
558.60 573.63 4721.70 0.40 
696.04 691.70 2820.76 0.48 
693.42 574.97 3973.89 0.50 
594.00 558.36 4005.46 0.28 
632.84 563.17 4069.00 0.48 
641.91 552.35 4171.33 0.34 
635.00 570.87 3293.46 0.29 
770.62 615.41 3570.70 0.43 
571.72 541.39 3507.68 0.47 
553.43 704.29 3989.86 0.46 
638.04 569.17 4177.02 0.29 
579.62 676.51 3365.76 0.27 
557.57 784.11 4223.69 0.48 
759.80 567.43 4131.24 0.39 
619.80 698.33 4683.74 0.50 
582.71 650.34 4029.96 0.50 
624.00 657.61 3699.66 0.28 
661.37 547.83 2937.61 0.49 
675.11 648.13 3063.85 0.49 
563.34 695.13 3351.99 0.34 
618.84 563.13 3522.59 0.40 
613.36 642.96 3038.35 0.52 
640.04 611.54 4005.75 0.35 
596.72 548.73 3104.56 0.47 
606.02 723.65 3800.02 0.46 
724.83 643.85 3710.98 0.58 
652.66 620.13 2903.16 0.32 
575.25 550.58 3688.40 0.24 
585.79 570.63 3659.08 0.36 
582.42 710.63 4669.80 0.49 
724.75 645.47 4707.75 0.51 
634.62 754.63 4742.29 0.57 
646.66 659.28 3466.54 0.36 
625.62 840.82 4408.86 0.39 
637.12 577.57 3445.94 0.36 
647.57 575.84 5026.22 0.50 
549.32 541.80 5187.07 0.16 
587.00 621.97 5554.18 0.32 
684.15 679.08 3502.25 0.38 
590.91 582.63 4346.77 0.30 
665.55 550.10 3822.42 0.45 
550.44 590.71 3767.35 0.54 
624.69 591.50 3671.82 0.18 
670.85 652.82 5192.39 0.40 
744.54 553.41 4433.77 0.25 
554.39 628.92 3900.45 0.52 
646.66 583.78 3562.10 0.35 
559.02 746.66 3557.56 0.46 
617.65 591.96 5194.28 0.65 
547.20 730.32 3738.76 0.28 
685.74 563.87 5206.56 0.31 
692.90 671.77 5422.65 0.47 
705.93 564.57 4134.64 0.30 
625.38 612.79 4508.55 0.35 
