555.00 594.45 1720.69 0.34 
630.69 575.78 1224.04 0.27 
567.15 842.76 1823.43 0.50 
624.96 621.25 2153.74 0.52 
565.97 569.21 1423.23 0.26 
668.78 632.17 909.44 0.34 
633.98 542.83 1894.16 0.48 
796.36 571.74 974.49 0.57 
584.49 557.91 1695.48 0.18 
600.54 701.64 629.30 0.46 
686.59 565.88 563.02 0.46 
578.19 671.59 688.10 0.41 
636.27 573.90 1191.57 0.42 
597.93 670.99 1775.73 0.34 
719.61 546.72 913.21 0.33 
568.58 663.90 2379.68 0.53 
552.66 545.29 2519.29 0.47 
560.09 602.52 849.65 0.44 
598.41 666.15 1655.95 0.37 
688.64 567.47 1627.40 0.28 
624.02 690.13 2051.70 0.37 
606.06 547.92 1492.24 0.30 
541.74 803.59 1677.64 0.39 
640.12 586.73 1115.66 0.46 
695.40 598.90 1849.44 0.44 
708.54 613.83 1904.63 0.31 
545.79 569.73 1960.64 0.32 
731.88 607.37 1734.57 0.38 
687.06 635.72 1258.29 0.50 
589.96 563.07 2268.96 0.62 
603.70 650.92 1723.25 0.23 
636.00 676.13 595.64 0.29 
573.67 584.24 739.14 0.37 
624.90 574.67 573.35 0.33 
778.51 648.41 2070.21 0.39 
628.20 579.62 1298.26 0.40 
578.15 549.20 983.78 0.34 
700.89 742.58 1521.52 0.42 
585.86 621.81 1394.43 0.42 
803.49 620.38 1143.56 0.38 
814.71 666.93 2082.37 0.50 
588.03 610.59 866.74 0.29 
726.84 601.32 1112.76 0.39 
596.96 558.56 1435.81 0.37 
555.27 690.25 1320.90 0.36 
558.75 671.46 1027.13 0.33 
665.33 571.84 1672.39 0.29 
560.77 690.75 1314.23 0.32 
542.68 548.91 1421.81 0.47 
800.35 579.13 1976.13 0.50 
606.28 572.44 1105.93 0.49 
595.72 602.67 1605.15 0.54 
724.48 572.65 1077.40 0.54 
742.66 545.32 1138.47 0.42 
567.29 622.77 2784.98 0.54 
619.35 644.13 626.57 0.44 
559.70 568.73 1174.41 0.54 
588.81 619.96 2760.93 0.46 
775.08 737.78 1893.72 0.35 
553.78 556.07 995.90 0.45 
719.64 661.86 843.82 0.55 
693.53 565.64 2017.29 0.56 
843.66 568.82 1451.81 0.33 
621.12 618.96 1666.12 0.35 
641.03 626.77 564.15 0.47 
631.32 658.55 1919.94 0.22 
565.06 660.14 1600.78 0.52 
671.20 544.48 2638.14 0.38 
711.27 649.70 1410.51 0.44 
557.76 637.99 2079.94 0.46 
584.35 605.76 1727.39 0.45 
560.63 610.34 2180.32 0.61 
557.98 574.20 1795.02 0.31 
755.50 604.61 2222.99 0.38 
620.65 677.08 950.25 0.24 
667.59 652.32 1493.15 0.40 
618.79 627.90 1695.09 0.49 
630.05 648.60 1532.14 0.17 
593.23 594.96 914.88 0.40 
763.58 616.30 1061.04 0.42 
612.57 582.37 816.71 0.39 
613.87 702.02 1263.05 0.30 
569.01 584.96 1596.51 0.32 
634.15 580.84 772.60 0.46 
657.70 620.24 2580.73 0.49 
619.62 677.44 1054.62 0.45 
781.72 603.16 3049.85 0.39 
704.15 548.11 1202.96 0.52 
714.12 613.34 608.45 0.35 
745.15 572.97 1822.07 0.54 
593.28 592.60 1442.15 0.40 
