632.24 567.87 1875.07 0.31 
618.90 571.69 633.67 0.31 
712.94 632.72 2105.20 0.40 
581.24 714.63 2155.87 0.56 
563.81 582.54 1364.75 0.56 
621.39 697.33 1403.00 0.42 
554.16 548.81 2136.94 0.47 
678.39 587.20 1195.44 0.42 
560.38 656.77 1663.06 0.53 
606.99 575.65 2130.39 0.31 
557.62 555.50 947.82 0.42 
617.42 697.32 1133.38 0.30 
629.61 625.82 1934.86 0.43 
628.47 634.27 1951.86 0.37 
587.08 695.67 718.83 0.31 
567.29 639.24 1179.32 0.43 
574.50 615.24 2371.82 0.32 
583.35 648.09 1824.99 0.42 
712.66 547.46 2033.65 0.40 
566.03 568.16 1540.45 0.40 
582.25 636.00 739.47 0.35 
583.85 674.21 1708.50 0.24 
800.89 590.47 544.25 0.53 
544.47 650.39 1861.96 0.44 
733.95 605.10 1151.41 0.42 
678.73 705.62 1257.52 0.45 
698.69 715.98 1288.76 0.64 
585.15 587.34 1378.16 0.56 
682.15 555.05 1701.56 0.36 
663.94 617.90 1539.02 0.37 
560.21 665.94 3023.94 0.37 
738.41 686.28 1444.60 0.23 
589.70 550.51 1162.37 0.36 
573.04 552.09 1003.26 0.47 
669.89 556.09 1686.35 0.55 
558.16 652.45 2350.53 0.52 
584.85 643.93 1722.19 0.29 
716.36 662.55 2093.55 0.23 
570.33 684.66 2087.06 0.39 
708.31 633.16 976.63 0.43 
628.30 656.54 1969.06 0.51 
