591.54 618.96 798.27 0.49 
542.96 560.75 1653.18 0.52 
548.52 629.65 1237.99 0.24 
695.75 708.00 2249.38 0.69 
639.13 560.01 1326.28 0.47 
668.59 719.14 1100.03 0.44 
544.72 598.97 710.35 0.29 
770.02 545.14 1649.57 0.36 
719.72 582.01 879.91 0.52 
613.29 698.07 737.07 0.31 
603.75 778.96 2802.92 0.24 
540.29 596.67 1122.24 0.33 
586.43 554.56 1360.37 0.33 
563.26 661.98 1475.42 0.29 
672.30 571.28 724.63 0.39 
668.54 595.99 970.38 0.50 
666.63 585.90 1264.62 0.42 
580.16 589.65 1736.95 0.37 
728.78 748.35 541.96 0.43 
687.56 612.92 999.23 0.38 
705.12 560.36 2103.76 0.30 
554.80 621.65 1229.34 0.59 
638.16 737.46 2827.02 0.29 
570.39 772.83 850.28 0.40 
592.47 730.93 2655.23 0.54 
666.45 575.42 1697.74 0.35 
550.58 628.21 2145.32 0.47 
565.35 620.90 1545.66 0.50 
552.00 616.67 1193.69 0.47 
541.18 692.29 727.85 0.34 
565.50 543.33 1738.94 0.50 
635.72 685.04 1444.04 0.50 
585.97 563.75 610.29 0.39 
592.18 658.64 1211.73 0.44 
608.71 680.61 2074.21 0.44 
597.07 582.92 2049.38 0.32 
645.78 580.13 2698.60 0.33 
707.54 562.52 704.54 0.39 
603.68 642.56 967.26 0.63 
647.25 546.08 1410.66 0.28 
689.86 653.30 1106.81 0.43 
543.11 643.86 1597.09 0.51 
652.35 698.23 583.22 0.35 
752.64 570.07 2139.22 0.55 
635.50 586.87 1450.85 0.33 
574.81 772.04 2136.13 0.50 
595.04 552.16 877.25 0.38 
642.44 696.97 2019.70 0.35 
608.27 603.67 1015.60 0.20 
549.73 576.10 860.08 0.26 
659.46 759.85 1789.69 0.41 
577.48 625.16 2344.94 0.49 
752.90 583.71 1273.27 0.32 
575.06 624.43 660.59 0.34 
688.32 582.38 2276.85 0.45 
541.74 742.00 968.56 0.33 
671.99 575.87 823.53 0.22 
858.02 552.31 1568.67 0.51 
763.37 637.01 1139.19 0.38 
684.25 591.72 2517.11 0.36 
784.32 717.19 2682.02 0.46 
582.53 695.58 949.37 0.34 
710.58 653.73 2097.23 0.42 
667.06 567.10 1526.36 0.47 
630.41 737.84 1310.11 0.36 
559.39 721.75 1199.77 0.49 
729.35 540.14 2015.16 0.41 
640.96 577.67 1360.19 0.56 
603.49 623.93 1320.22 0.31 
580.70 571.47 1150.15 0.40 
813.54 556.07 820.03 0.43 
711.06 636.50 2054.69 0.31 
758.76 559.53 909.53 0.43 
577.01 563.43 949.50 0.39 
565.55 561.24 2528.93 0.32 
589.66 622.43 1164.90 0.32 
677.86 703.93 1013.82 0.40 
625.93 553.26 1527.58 0.26 
552.83 760.83 1509.67 0.50 
608.52 610.84 1362.58 0.49 
781.62 580.28 1039.62 0.32 
661.04 551.91 1429.88 0.39 
547.69 720.98 1824.38 0.40 
675.19 587.62 2000.79 0.28 
615.07 567.99 1182.13 0.57 
554.91 705.57 1501.21 0.33 
676.07 695.32 1786.76 0.44 
768.87 669.39 1162.40 0.26 
720.35 548.29 1436.43 0.39 
557.03 567.45 1757.41 0.37 
690.84 686.89 2138.52 0.53 
605.02 560.97 2375.33 0.52 
569.25 553.28 923.20 0.28 
608.87 569.31 1304.62 0.41 
596.54 667.28 1715.93 0.45 
631.02 652.74 866.01 0.39 
641.77 620.38 2414.87 0.65 
904.65 542.50 1117.34 0.46 
683.69 648.42 1612.74 0.47 
630.18 564.09 2289.62 0.16 
729.39 576.08 1533.50 0.38 
627.05 785.51 1277.67 0.53 
555.70 607.40 832.19 0.37 
616.36 655.43 875.56 0.42 
743.59 626.83 1197.94 0.56 
542.39 611.27 1416.75 0.30 
569.44 633.23 2133.12 0.33 
659.82 636.57 787.49 0.41 
613.03 558.29 1725.44 0.53 
588.14 645.07 1560.88 0.38 
604.61 585.38 2787.90 0.54 
584.92 617.74 782.01 0.30 
565.14 634.14 1501.13 0.53 
552.04 542.72 1325.27 0.29 
686.69 598.17 1133.41 0.34 
656.43 642.11 1166.36 0.32 
555.75 584.23 871.86 0.43 
626.94 667.24 1270.45 0.41 
591.80 546.64 959.02 0.31 
707.97 575.49 1935.80 0.29 
637.62 549.60 1170.97 0.52 
698.96 570.43 1130.69 0.31 
619.07 600.93 2221.57 0.52 
632.43 654.76 2042.84 0.36 
695.86 578.26 2050.00 0.10 
543.30 588.73 2548.35 0.40 
554.64 586.14 1572.92 0.56 
540.71 670.16 1384.57 0.47 
570.01 591.35 1247.80 0.38 
586.96 748.30 943.26 0.44 
665.14 781.09 1727.37 0.38 
646.95 603.29 1207.39 0.39 
632.39 598.29 904.19 0.39 
596.03 583.76 1426.99 0.51 
750.53 573.31 1313.15 0.50 
589.72 663.90 897.12 0.53 
612.70 581.56 1825.29 0.56 
605.98 605.04 2329.65 0.28 
671.15 557.43 1999.82 0.35 
664.99 636.69 1188.78 0.54 
544.61 567.05 1940.68 0.53 
677.07 584.16 677.60 0.24 
548.14 654.03 1393.12 0.37 
620.96 661.93 1092.58 0.44 
561.94 585.95 1054.09 0.48 
660.48 595.16 1431.31 0.32 
617.22 554.92 1314.41 0.28 
553.33 547.20 742.11 0.46 
549.59 637.78 977.36 0.34 
682.07 657.00 1682.23 0.47 
677.80 614.40 1399.37 0.25 
569.81 802.26 1738.29 0.41 
620.33 694.75 1416.39 0.27 
603.41 675.70 1074.50 0.41 
665.98 686.41 1348.96 0.42 
560.51 622.98 552.10 0.37 
591.67 562.17 2013.51 0.58 
556.98 547.49 1385.90 0.55 
548.97 618.66 2132.96 0.36 
542.61 621.49 1755.56 0.42 
583.19 541.89 1626.46 0.34 
651.86 649.21 1040.30 0.44 
562.22 666.55 1355.00 0.37 
562.31 545.59 1356.67 0.28 
733.65 752.93 2345.72 0.38 
589.58 568.57 1463.58 0.61 
551.33 634.92 1732.86 0.40 
541.44 659.25 1043.23 0.53 
622.11 547.11 1563.68 0.45 
556.28 604.31 1035.03 0.42 
631.01 717.48 1668.91 0.23 
687.03 563.52 2481.39 0.37 
715.96 548.33 948.99 0.39 
541.53 551.83 2473.17 0.31 
680.04 627.65 1637.81 0.39 
583.17 614.05 1198.53 0.33 
687.41 667.61 2564.76 0.55 
682.35 562.53 574.40 0.56 
602.97 717.82 1017.55 0.40 
629.14 633.99 1018.99 0.45 
661.20 708.75 1665.70 0.36 
748.77 586.55 1014.06 0.38 
686.06 602.44 1447.55 0.59 
609.52 665.89 1162.97 0.42 
586.87 655.81 2030.13 0.31 
778.68 707.55 586.34 0.49 
547.10 586.64 1405.69 0.39 
582.16 813.71 860.69 0.41 
549.05 583.53 1311.26 0.29 
760.11 578.26 687.75 0.51 
554.37 681.92 947.62 0.33 
586.06 639.31 1208.59 0.41 
610.59 549.55 2062.77 0.50 
769.88 654.97 863.91 0.48 
543.52 776.02 789.21 0.37 
624.26 619.76 552.05 0.21 
720.70 540.92 880.44 0.50 
668.47 634.99 1646.34 0.44 
746.27 663.75 2652.12 0.26 
566.06 541.69 1712.72 0.34 
552.48 680.49 1756.54 0.27 
