585.65 555.73 2527.93 0.52 
681.40 989.52 616.40 0.30 
563.40 648.24 697.20 0.51 
630.24 574.10 1266.35 0.41 
620.06 587.14 1656.16 0.45 
686.80 779.09 1355.29 0.42 
612.82 551.33 1303.30 0.38 
685.53 543.11 2131.83 0.53 
683.50 554.70 723.14 0.28 
678.16 636.62 1625.30 0.51 
580.17 587.68 944.11 0.45 
620.59 651.42 2026.93 0.42 
574.33 625.78 1391.97 0.28 
671.92 548.14 2420.23 0.27 
671.72 571.94 820.26 0.33 
565.35 676.61 1629.47 0.51 
625.60 569.36 1979.15 0.33 
596.16 577.13 1593.85 0.54 
601.55 605.84 1258.09 0.70 
563.00 788.73 1143.04 0.36 
603.02 597.93 704.70 0.34 
569.89 595.58 560.40 0.47 
587.62 575.50 1448.99 0.35 
655.31 576.46 1041.22 0.31 
585.08 547.32 1075.07 0.42 
573.52 600.85 2110.73 0.32 
600.36 694.87 641.42 0.44 
710.69 616.06 1531.22 0.43 
699.56 545.63 796.65 0.20 
642.19 603.43 2484.36 0.37 
570.57 734.58 2412.79 0.52 
548.39 685.92 2112.58 0.41 
614.49 584.25 1294.29 0.52 
657.15 572.75 1817.70 0.40 
571.29 583.42 906.89 0.32 
569.74 623.20 2359.25 0.60 
573.12 554.87 1522.33 0.44 
563.37 600.07 1464.74 0.45 
648.83 608.27 882.63 0.52 
565.74 570.01 1401.34 0.30 
548.38 605.20 2574.78 0.39 
577.37 626.94 1613.88 0.70 
608.35 610.26 1773.01 0.29 
614.04 614.11 872.84 0.65 
574.92 551.88 2666.55 0.59 
693.36 585.14 2855.97 0.38 
597.77 567.74 1484.17 0.51 
710.11 649.55 1613.73 0.45 
626.17 592.66 1218.70 0.31 
588.45 840.15 1373.43 0.50 
582.56 676.74 803.52 0.47 
571.49 605.84 1429.01 0.42 
725.54 562.95 2348.62 0.40 
589.49 632.40 1236.23 0.38 
758.40 553.43 542.39 0.44 
556.96 595.53 2044.67 0.34 
595.67 566.84 1912.70 0.62 
686.25 643.29 1003.44 0.57 
570.52 710.57 1262.33 0.25 
606.38 834.06 592.89 0.34 
691.31 709.36 2298.89 0.27 
663.07 557.25 1098.66 0.46 
679.11 627.22 895.89 0.38 
540.07 693.63 827.91 0.39 
649.27 646.16 1032.89 0.37 
567.57 619.06 1601.81 0.35 
592.89 550.00 1665.72 0.43 
667.96 609.75 1325.48 0.43 
578.88 581.49 1572.49 0.65 
817.56 543.31 560.04 0.59 
622.53 583.68 1897.32 0.50 
588.25 708.17 2600.48 0.38 
627.02 577.39 1549.41 0.47 
753.02 588.39 1000.13 0.45 
642.84 586.69 1448.37 0.44 
633.22 544.28 1619.89 0.38 
803.31 787.88 1523.21 0.44 
708.53 606.81 788.95 0.31 
611.26 744.09 2365.25 0.27 
581.48 544.19 1799.70 0.23 
680.69 585.80 1063.20 0.44 
633.64 743.89 869.62 0.34 
651.85 546.00 2465.27 0.34 
767.97 609.55 574.92 0.64 
609.05 622.00 1087.45 0.44 
756.55 584.30 1434.22 0.34 
544.76 621.41 728.13 0.32 
746.60 631.84 1031.72 0.28 
604.26 603.78 1905.27 0.36 
579.79 548.22 1581.78 0.21 
768.62 559.91 638.34 0.39 
542.65 643.23 1556.59 0.45 
564.84 575.45 730.37 0.55 
561.33 610.87 2120.61 0.42 
605.90 849.35 2406.21 0.34 
542.20 702.55 1265.35 0.39 
604.36 550.55 2026.16 0.41 
663.11 691.13 736.04 0.51 
571.78 609.63 584.32 0.61 
677.52 615.77 728.10 0.57 
574.65 638.28 1799.90 0.28 
