574.71 644.83 1283.06 0.26 
616.52 682.93 2015.47 0.54 
612.36 688.62 864.39 0.36 
545.37 620.90 1832.54 0.49 
602.43 618.35 2709.82 0.45 
621.35 624.69 1063.71 0.31 
715.56 615.64 977.12 0.50 
571.39 716.40 1537.36 0.32 
588.00 565.91 2964.37 0.55 
607.42 675.59 1961.75 0.52 
542.95 551.07 965.49 0.43 
588.81 733.25 631.44 0.33 
711.59 544.19 1471.08 0.34 
596.84 552.51 867.67 0.36 
567.25 623.14 882.93 0.38 
691.73 683.66 2160.94 0.28 
690.95 670.32 1972.49 0.37 
606.50 555.30 1548.92 0.21 
589.92 572.79 1301.70 0.29 
653.48 569.89 1921.93 0.43 
561.59 619.85 2404.55 0.36 
575.41 719.28 1386.81 0.39 
601.34 615.46 1392.35 0.51 
552.61 632.50 541.21 0.37 
575.69 600.31 2282.33 0.54 
687.18 639.95 1227.66 0.47 
826.51 594.07 1424.50 0.43 
658.13 652.50 2540.14 0.74 
640.56 696.27 1296.05 0.38 
678.38 646.38 884.27 0.24 
618.15 585.89 2193.38 0.51 
