627.14 550.00 2156.99 0.38 
554.90 604.88 879.82 0.21 
552.91 689.49 2316.60 0.29 
605.76 611.73 1449.49 0.28 
680.43 584.36 839.58 0.47 
810.40 567.07 2580.27 0.50 
961.63 569.35 1154.30 0.24 
760.95 649.14 1184.71 0.31 
675.54 581.58 1574.18 0.49 
645.67 592.11 1759.63 0.44 
562.36 589.45 1921.54 0.44 
653.42 563.89 2615.15 0.29 
555.92 629.71 1145.90 0.52 
640.07 602.70 932.97 0.23 
582.32 630.49 1313.30 0.49 
667.16 631.92 579.53 0.62 
555.29 564.68 1464.73 0.21 
552.01 640.96 931.85 0.40 
692.50 796.77 1452.97 0.65 
731.89 649.25 1658.10 0.43 
548.07 550.65 2050.77 0.26 
744.68 575.59 962.69 0.42 
727.58 701.16 2065.63 0.61 
582.48 587.47 727.16 0.28 
661.68 615.90 985.89 0.45 
613.61 597.91 1766.70 0.30 
662.67 674.23 1988.35 0.34 
790.32 562.01 2958.75 0.23 
630.22 777.34 1448.05 0.44 
575.22 587.11 1130.91 0.42 
568.57 592.91 1428.17 0.38 
566.27 737.19 878.90 0.34 
596.05 589.35 1160.09 0.35 
547.03 543.52 1912.23 0.46 
568.04 595.10 1000.96 0.23 
633.56 605.56 1799.23 0.28 
643.37 851.60 1140.83 0.31 
687.17 564.93 641.48 0.27 
568.65 645.17 834.16 0.48 
612.16 613.65 1802.66 0.25 
556.96 617.14 2905.17 0.41 
730.78 659.90 2150.96 0.48 
692.26 709.77 1575.23 0.38 
734.67 627.26 2269.53 0.58 
574.91 637.72 1436.74 0.35 
549.90 671.74 2062.58 0.44 
665.36 543.02 1392.82 0.34 
684.78 552.31 1148.96 0.55 
620.06 614.18 1430.73 0.54 
788.25 575.23 2138.24 0.38 
706.24 584.99 1067.36 0.48 
598.64 797.38 1327.98 0.38 
730.00 578.45 1732.69 0.52 
567.41 583.42 2391.44 0.42 
545.14 661.60 1232.81 0.49 
557.91 606.78 1099.00 0.32 
629.94 619.90 2113.54 0.48 
629.96 567.35 2486.54 0.35 
747.34 587.70 1677.47 0.41 
609.51 574.55 1620.95 0.29 
594.04 610.42 2540.41 0.26 
595.54 596.49 902.72 0.29 
643.51 602.29 966.51 0.35 
592.59 587.96 797.75 0.24 
612.12 713.81 1577.75 0.21 
550.32 613.05 1667.65 0.31 
632.52 572.28 1352.83 0.47 
581.08 632.06 783.16 0.27 
627.98 767.98 638.04 0.48 
714.43 615.22 759.43 0.34 
549.03 662.08 1400.92 0.43 
548.44 603.66 1475.36 0.28 
558.52 630.33 1349.75 0.25 
560.72 771.49 1929.90 0.27 
600.06 561.55 1513.07 0.58 
612.55 712.38 1579.88 0.24 
603.39 699.51 1396.16 0.21 
887.86 669.89 972.15 0.39 
591.36 702.69 1978.69 0.60 
569.09 638.61 1549.51 0.28 
626.19 567.32 1057.45 0.42 
608.08 619.53 1422.72 0.34 
632.33 655.57 1167.83 0.49 
555.57 585.63 1391.12 0.42 
658.35 551.72 821.89 0.31 
651.35 636.33 1531.73 0.44 
575.88 794.76 2058.60 0.31 
641.39 679.93 653.02 0.22 
577.05 687.40 1272.81 0.39 
549.19 590.45 974.81 0.39 
593.64 694.90 964.31 0.34 
576.27 553.66 2347.59 0.31 
578.11 830.88 753.86 0.52 
618.07 707.42 1520.58 0.54 
853.37 612.01 1461.67 0.25 
554.90 631.38 1296.23 0.49 
547.95 599.04 1431.88 0.40 
607.83 599.72 654.19 0.51 
596.88 561.59 2395.89 0.54 
559.67 719.07 2517.65 0.50 
582.87 656.80 2002.46 0.37 
566.77 625.04 1122.78 0.36 
685.00 685.44 1383.34 0.30 
703.87 747.13 1398.46 0.74 
653.96 561.97 1148.02 0.44 
715.90 578.86 1620.57 0.34 
562.10 591.16 2176.34 0.38 
714.73 670.75 1467.38 0.40 
609.84 623.20 1933.95 0.45 
589.04 619.85 1368.64 0.36 
589.27 610.55 1848.64 0.23 
662.87 606.88 1028.25 0.55 
615.82 556.94 1228.54 0.45 
690.61 585.05 1084.90 0.29 
548.90 573.98 1408.99 0.43 
552.87 555.32 671.09 0.52 
589.46 648.49 649.37 0.46 
600.73 667.05 797.38 0.37 
672.87 668.24 1838.61 0.48 
544.41 642.29 960.22 0.37 
576.34 568.84 2027.50 0.40 
591.63 732.66 1365.59 0.38 
670.47 609.99 2419.13 0.38 
542.72 679.09 1254.60 0.31 
607.51 880.88 1240.63 0.55 
574.74 547.82 879.42 0.47 
599.68 609.13 1567.96 0.38 
543.53 584.22 1846.62 0.36 
625.29 547.62 1000.53 0.33 
592.27 630.72 1155.10 0.48 
700.02 667.68 2503.79 0.35 
690.13 680.53 2539.80 0.34 
592.50 669.28 913.48 0.49 
627.01 576.91 2242.09 0.46 
630.38 573.38 759.37 0.33 
731.94 540.75 870.27 0.23 
588.69 542.28 1355.93 0.34 
548.50 699.72 1287.81 0.40 
544.55 548.32 1926.36 0.28 
637.26 579.22 1352.70 0.44 
721.59 682.46 1905.69 0.37 
606.78 547.68 2385.42 0.51 
750.20 577.32 1902.66 0.45 
623.55 698.08 1777.50 0.38 
758.42 618.96 610.26 0.75 
549.73 797.81 866.62 0.66 
556.38 597.06 2475.50 0.24 
659.73 672.44 782.35 0.38 
665.08 549.65 1952.85 0.43 
544.37 588.87 1150.95 0.33 
650.86 664.41 1008.97 0.41 
