744.83 671.19 2138.37 0.52 
612.53 581.41 2002.79 0.65 
558.81 596.87 1016.03 0.38 
770.47 604.86 1255.01 0.66 
622.38 579.28 1346.30 0.26 
572.29 658.95 589.45 0.37 
804.92 563.98 1177.66 0.48 
730.14 573.77 1403.34 0.32 
555.53 726.60 1876.02 0.49 
599.16 598.81 2875.47 0.47 
648.17 584.45 1731.86 0.33 
565.90 643.98 2004.88 0.50 
615.85 605.16 1452.67 0.32 
657.51 557.37 1740.47 0.56 
596.36 706.82 1243.44 0.22 
541.39 760.34 1639.36 0.31 
705.91 794.93 1499.40 0.23 
581.03 588.03 2020.96 0.29 
615.20 544.14 1807.77 0.25 
574.58 592.16 1538.59 0.43 
550.29 631.11 1374.05 0.48 
