653.38 658.36 1734.39 0.54 
670.32 881.73 1934.07 0.52 
684.71 601.99 1446.30 0.39 
599.45 599.71 1537.28 0.33 
651.98 604.39 1219.96 0.40 
698.50 705.19 2761.83 0.38 
555.37 549.54 1338.89 0.35 
624.44 585.90 878.70 0.58 
606.15 543.47 1119.04 0.43 
562.60 890.88 1954.93 0.49 
626.09 554.41 2432.98 0.43 
541.39 577.20 2535.59 0.48 
689.23 707.10 1943.04 0.47 
562.51 543.94 2009.57 0.31 
560.97 562.03 945.43 0.58 
592.29 720.25 1081.95 0.30 
701.23 611.36 1380.23 0.43 
593.16 648.71 1110.32 0.22 
541.48 593.56 1152.79 0.41 
549.71 688.78 1360.89 0.52 
571.08 643.93 1404.62 0.39 
619.01 546.22 1315.28 0.43 
564.34 573.74 1348.16 0.54 
639.49 795.89 871.77 0.36 
569.27 689.48 1751.09 0.39 
607.48 583.89 1656.52 0.49 
669.61 683.85 1605.76 0.44 
557.03 609.94 1324.71 0.54 
604.41 684.91 1669.52 0.46 
674.97 548.89 855.36 0.34 
593.30 664.50 2746.78 0.59 
570.97 545.16 868.01 0.36 
626.65 721.58 1663.40 0.36 
696.00 814.34 1679.73 0.32 
683.19 570.53 756.95 0.45 
551.47 570.39 1202.30 0.47 
692.40 548.66 821.25 0.52 
580.13 706.41 1484.04 0.30 
559.85 574.43 721.68 0.36 
554.42 814.75 1934.86 0.36 
563.62 619.82 907.36 0.41 
662.03 827.85 1086.54 0.44 
659.54 601.88 659.25 0.55 
586.47 689.68 1692.93 0.61 
647.16 599.22 1837.88 0.36 
623.85 618.47 1967.50 0.39 
553.49 686.70 2287.24 0.53 
550.17 636.67 2080.69 0.50 
599.94 692.28 1879.29 0.49 
692.14 555.52 1208.09 0.50 
596.46 576.17 1606.40 0.48 
562.90 618.49 629.49 0.58 
591.27 596.46 563.20 0.36 
713.65 663.29 1874.36 0.49 
752.99 794.00 2447.95 0.31 
662.97 618.86 1042.09 0.42 
650.85 549.08 1642.03 0.36 
573.22 550.83 1078.18 0.33 
559.17 562.16 1539.80 0.41 
790.89 579.86 636.17 0.54 
632.89 654.73 1559.72 0.43 
643.25 579.78 1069.77 0.34 
564.76 542.74 849.11 0.46 
584.90 620.59 2501.49 0.47 
573.82 607.49 938.08 0.57 
749.79 670.53 2137.48 0.46 
613.44 739.52 1884.87 0.11 
774.55 596.08 2933.58 0.36 
546.23 553.49 1450.67 0.47 
600.52 767.73 1561.32 0.29 
723.39 608.09 1203.88 0.35 
