663.85 543.38 2018.19 0.23 
669.76 543.60 2246.24 0.50 
635.96 592.94 1754.61 0.50 
567.55 785.16 2136.85 0.55 
559.21 559.51 1384.81 0.44 
561.95 715.64 1411.31 0.26 
565.73 829.15 769.65 0.47 
625.92 730.03 1627.38 0.46 
568.76 625.50 2103.32 0.34 
581.42 669.95 1952.08 0.55 
694.68 557.27 1610.55 0.54 
679.92 544.89 804.40 0.24 
572.57 540.31 1577.32 0.46 
634.52 616.11 1943.43 0.50 
797.80 638.71 1676.97 0.38 
685.48 554.34 1480.40 0.34 
672.44 725.76 1480.36 0.31 
548.76 580.09 821.76 0.41 
583.47 607.55 1612.02 0.33 
630.45 584.73 2744.92 0.41 
639.62 553.62 2102.72 0.49 
580.38 655.21 1528.34 0.42 
560.88 605.26 1988.26 0.43 
604.20 563.52 2482.90 0.55 
681.92 559.79 2076.51 0.20 
630.91 677.75 1673.42 0.48 
690.72 777.48 2571.25 0.37 
648.65 836.86 1764.91 0.51 
605.60 592.40 1043.80 0.44 
637.19 596.06 1518.42 0.43 
716.82 596.14 1676.17 0.31 
588.69 613.64 1895.66 0.50 
567.37 598.68 2027.74 0.42 
544.15 604.83 673.57 0.45 
579.34 675.40 617.56 0.43 
712.02 600.64 1328.55 0.23 
544.23 637.24 1650.09 0.58 
550.37 676.25 636.13 0.27 
625.23 559.48 1618.72 0.23 
592.25 541.57 1520.64 0.36 
667.83 588.76 1406.13 0.34 
661.54 618.19 592.72 0.47 
694.04 648.12 1072.26 0.37 
566.92 697.54 1031.29 0.23 
573.02 620.54 1607.87 0.30 
592.62 548.91 2502.66 0.41 
569.14 602.02 2001.57 0.55 
593.20 563.85 1102.54 0.40 
667.12 663.05 669.12 0.19 
656.29 608.20 1716.09 0.38 
623.38 717.98 2234.31 0.47 
621.51 709.64 1133.15 0.37 
576.50 730.72 984.32 0.46 
558.15 624.96 2258.99 0.31 
612.62 661.51 1993.62 0.44 
621.28 558.49 1135.58 0.44 
553.56 750.32 1312.05 0.42 
558.63 615.31 1636.31 0.43 
566.32 635.02 633.18 0.48 
558.28 634.89 1961.36 0.45 
630.69 547.78 1948.16 0.43 
636.10 578.92 1183.39 0.49 
584.65 649.52 977.07 0.36 
642.13 575.60 1723.04 0.33 
644.08 634.00 1024.46 0.50 
759.59 560.60 863.49 0.46 
546.43 615.72 1616.04 0.42 
675.42 648.35 797.35 0.60 
541.24 559.17 1436.26 0.27 
540.32 582.79 1917.10 0.43 
689.95 654.10 2215.96 0.34 
623.16 654.89 1604.26 0.26 
623.96 558.58 1642.02 0.35 
801.33 591.45 789.58 0.55 
709.69 777.89 1778.72 0.41 
670.55 714.00 1258.87 0.35 
613.71 659.68 2919.02 0.53 
583.13 563.83 1101.65 0.46 
821.88 616.38 1333.13 0.38 
549.21 756.62 2417.72 0.35 
553.35 691.48 1610.96 0.43 
