513.530000 455.410000 0.170000 5175.180000
539.240000 488.520000 0.240000 7983.300000
576.410000 460.440000 0.070000 7475.780000
442.250000 551.590000 0.110000 4753.650000
386.160000 349.800000 0.040000 6249.770000
542.690000 522.360000 0.250000 4605.170000
437.850000 515.390000 0.270000 8080.900000
478.920000 417.230000 0.170000 6859.440000
508.110000 484.370000 0.150000 6129.810000
495.110000 567.540000 0.080000 4642.700000
523.520000 465.300000 0.030000 5019.790000
504.190000 427.640000 0.030000 5256.100000
552.690000 611.900000 0.280000 6056.660000
574.940000 550.720000 0.170000 5970.500000
469.790000 454.970000 0.350000 5026.970000
488.360000 565.640000 0.200000 6085.160000
496.990000 469.700000 0.030000 5990.870000
571.400000 488.640000 0.330000 6130.340000
522.480000 501.170000 0.180000 6897.620000
559.560000 521.470000 0.280000 5748.840000
489.890000 464.940000 0.120000 6423.040000
481.280000 407.290000 0.270000 5803.210000
450.300000 453.050000 0.210000 7619.440000
530.920000 442.060000 0.220000 5792.430000
418.820000 512.150000 0.270000 6290.920000
440.090000 456.020000 0.190000 6106.420000
490.700000 487.210000 0.090000 6104.790000
447.550000 470.900000 0.340000 7500.240000
378.870000 454.440000 0.260000 7340.700000
571.880000 552.900000 0.190000 7141.140000
