462.000000 536.340000 0.300000 6836.500000
396.190000 459.610000 0.270000 5651.090000
521.750000 530.640000 0.250000 5941.410000
535.930000 437.010000 0.180000 5678.310000
462.720000 584.410000 0.250000 7019.650000
492.070000 463.090000 0.240000 7470.350000
471.150000 492.360000 0.090000 4798.120000
510.990000 537.680000 0.050000 7076.520000
512.500000 494.130000 0.180000 5566.470000
423.910000 502.170000 0.210000 7034.850000
417.330000 527.110000 0.190000 6669.760000
491.220000 578.990000 0.370000 6533.360000
478.320000 566.250000 0.270000 3282.290000
480.320000 550.740000 0.220000 6312.320000
419.350000 580.750000 0.280000 5687.850000
472.280000 544.140000 0.240000 6275.680000
586.490000 520.670000 0.360000 6032.390000
537.770000 474.900000 0.280000 6767.320000
460.590000 478.610000 0.350000 4109.330000
537.350000 479.260000 0.270000 6790.240000
509.670000 498.930000 0.190000 7260.270000
431.980000 632.040000 0.240000 6468.320000
485.460000 551.980000 0.510000 5821.550000
558.280000 498.730000 0.060000 6319.240000
486.180000 529.090000 0.350000 5912.610000
466.110000 455.260000 0.190000 6239.930000
470.920000 451.200000 0.410000 5727.530000
420.200000 533.390000 0.070000 5843.340000
516.040000 474.030000 0.220000 6618.860000
565.350000 539.440000 0.240000 7372.290000
533.190000 532.330000 0.250000 5265.550000
499.240000 602.310000 0.120000 6544.300000
390.420000 530.860000 0.160000 6422.460000
484.170000 456.440000 0.170000 7704.160000
582.790000 585.790000 0.220000 7977.790000
538.080000 451.070000 0.150000 4280.530000
489.120000 522.660000 0.190000 5296.860000
575.610000 515.580000 0.350000 6568.860000
531.380000 519.300000 0.120000 7153.000000
421.480000 447.240000 0.280000 5922.790000
