560.180000 546.710000 0.250000 5410.660000
525.010000 606.820000 0.230000 6610.760000
506.310000 454.890000 0.290000 4406.540000
498.150000 535.970000 0.110000 6140.440000
457.880000 507.270000 0.110000 6644.130000
438.410000 457.520000 0.270000 4990.100000
495.440000 475.060000 0.200000 6179.850000
539.560000 532.250000 0.260000 6121.070000
530.780000 545.110000 0.200000 6456.640000
529.480000 465.720000 0.030000 3329.340000
530.820000 545.840000 0.050000 6844.220000
472.120000 528.210000 0.160000 5378.060000
490.050000 535.980000 0.250000 6703.610000
404.940000 495.440000 0.260000 5029.090000
515.550000 491.360000 0.310000 6961.600000
508.500000 519.160000 0.240000 5319.780000
563.630000 467.260000 0.200000 6927.000000
503.590000 540.800000 0.090000 4978.280000
487.470000 515.960000 0.110000 6660.900000
474.550000 445.730000 0.070000 7873.780000
