519.320000 571.180000 0.100000 6147.320000
536.750000 433.490000 0.150000 4650.560000
436.400000 414.790000 0.200000 6371.480000
472.590000 515.840000 0.050000 6279.210000
494.890000 512.220000 0.220000 6421.520000
477.150000 497.820000 0.220000 5881.430000
484.690000 490.960000 0.230000 7296.430000
487.480000 474.260000 0.120000 7764.720000
432.560000 467.050000 0.200000 5810.870000
394.560000 482.230000 0.250000 7826.890000
518.590000 575.610000 0.240000 7914.990000
529.780000 503.980000 0.140000 5506.150000
463.760000 413.310000 0.200000 7673.810000
421.870000 561.850000 0.290000 5933.320000
474.650000 472.370000 0.120000 7098.520000
474.950000 421.400000 0.220000 4043.450000
564.850000 579.960000 0.450000 5371.960000
554.750000 466.540000 0.040000 5562.680000
555.260000 475.480000 0.090000 5598.530000
491.380000 460.070000 0.080000 4603.190000
415.560000 487.690000 0.190000 5614.380000
485.210000 535.420000 0.140000 5489.440000
488.880000 450.200000 0.160000 5588.650000
396.360000 558.560000 0.470000 7198.530000
512.680000 504.010000 0.100000 6012.580000
487.560000 470.740000 0.140000 6860.260000
437.920000 450.200000 0.190000 5883.410000
545.180000 491.170000 0.300000 5821.430000
433.840000 381.830000 0.240000 5053.070000
545.040000 484.630000 0.360000 5116.730000
482.100000 536.420000 0.200000 6341.100000
513.580000 482.970000 0.270000 5835.250000
426.640000 502.850000 0.050000 5679.460000
476.020000 507.690000 0.130000 5122.320000
500.110000 539.980000 0.140000 6730.370000
497.630000 539.810000 0.270000 5580.160000
515.360000 524.950000 0.140000 6685.910000
485.120000 453.550000 0.290000 6280.600000
474.200000 479.180000 0.290000 6823.080000
384.080000 505.380000 0.500000 5675.220000
469.580000 527.670000 0.390000 6154.870000
504.200000 542.070000 0.070000 6401.560000
535.660000 579.910000 0.230000 7013.390000
520.880000 508.210000 0.200000 4482.980000
618.550000 514.870000 0.220000 7316.510000
509.070000 407.430000 0.100000 6407.120000
635.630000 547.810000 0.230000 5817.340000
535.440000 561.430000 0.310000 5551.580000
572.690000 484.320000 0.240000 5678.320000
400.810000 425.750000 0.100000 6888.960000
482.890000 512.680000 0.020000 5487.720000
550.090000 549.620000 0.240000 5315.540000
600.590000 508.570000 0.160000 4380.400000
501.540000 502.590000 0.260000 3805.170000
550.900000 455.150000 0.130000 5212.200000
413.020000 490.300000 0.270000 7414.070000
475.550000 560.860000 0.350000 7009.850000
534.460000 479.150000 0.080000 6972.430000
468.400000 559.200000 0.440000 7362.420000
514.410000 516.340000 0.100000 6133.480000
515.700000 507.120000 0.220000 5136.060000
443.100000 464.870000 0.230000 5947.270000
444.220000 467.550000 0.070000 6496.750000
558.260000 505.830000 0.040000 6207.980000
445.850000 472.360000 0.190000 5985.270000
503.240000 507.940000 0.280000 4966.450000
532.050000 542.050000 0.150000 4991.090000
437.460000 539.410000 0.130000 5997.690000
537.580000 486.720000 0.140000 6911.220000
472.530000 431.350000 0.050000 5429.190000
584.610000 519.580000 0.300000 6894.550000
543.540000 500.780000 0.370000 5518.520000
583.550000 525.950000 0.080000 6235.630000
442.120000 481.180000 0.250000 6064.360000
615.900000 452.030000 0.230000 5643.010000
576.390000 463.820000 0.220000 7508.390000
342.160000 580.700000 0.250000 6455.690000
474.460000 527.110000 0.200000 4453.170000
529.590000 511.190000 0.300000 7134.330000
478.310000 563.260000 0.170000 5910.280000
