467.110000 476.220000 0.220000 5515.450000
424.630000 513.010000 0.260000 5042.950000
506.640000 477.970000 0.080000 5416.100000
510.030000 457.580000 0.320000 4561.410000
393.940000 621.190000 0.270000 6648.270000
450.590000 509.800000 0.120000 5103.820000
540.740000 555.010000 0.420000 7107.150000
611.420000 460.440000 0.200000 6267.280000
512.270000 488.460000 0.150000 5264.980000
612.810000 536.080000 0.310000 4871.750000
442.700000 501.390000 0.050000 5996.730000
487.950000 415.860000 0.250000 6134.740000
497.170000 509.890000 0.080000 5794.960000
532.780000 465.680000 0.040000 4972.010000
462.820000 452.790000 0.100000 7018.560000
470.750000 518.680000 0.330000 6076.820000
509.870000 539.970000 0.090000 5642.320000
463.610000 562.120000 0.150000 6341.650000
350.130000 595.400000 0.120000 6839.670000
476.620000 479.610000 0.160000 4559.490000
484.840000 498.490000 0.060000 5607.590000
527.210000 513.580000 0.090000 7044.470000
580.320000 583.370000 0.250000 5664.850000
408.930000 421.340000 0.180000 4104.430000
567.480000 546.500000 0.040000 6663.700000
480.120000 595.490000 0.280000 6086.370000
545.640000 546.070000 0.190000 4665.870000
532.200000 482.350000 0.130000 6487.340000
489.360000 559.230000 0.280000 6174.230000
477.140000 514.140000 0.250000 6067.750000
512.260000 460.800000 0.100000 5234.630000
533.650000 447.040000 0.030000 6367.770000
556.730000 443.950000 0.130000 4772.890000
534.220000 534.820000 0.200000 4796.390000
493.430000 476.960000 0.200000 6183.770000
525.830000 456.200000 0.090000 5195.270000
450.440000 540.430000 0.190000 6742.020000
476.490000 585.960000 0.160000 3863.200000
502.040000 499.070000 0.320000 6910.490000
443.750000 541.620000 0.330000 7039.110000
486.220000 481.460000 0.260000 5702.190000
448.020000 512.390000 0.140000 5504.980000
424.740000 521.980000 0.380000 4457.510000
413.450000 468.610000 0.140000 6869.050000
442.440000 575.570000 0.120000 3740.550000
387.310000 515.020000 0.120000 4863.210000
447.360000 534.460000 0.230000 5617.720000
490.640000 466.200000 0.190000 5982.310000
479.530000 460.540000 0.090000 6513.080000
595.000000 479.680000 0.220000 5729.030000
506.450000 521.700000 0.250000 5128.010000
460.650000 542.440000 0.290000 6100.090000
479.180000 586.760000 0.130000 5920.600000
487.340000 535.820000 0.260000 7456.680000
480.740000 478.940000 0.140000 5180.650000
507.260000 553.550000 0.190000 6201.470000
534.220000 536.810000 0.510000 6327.860000
423.460000 455.570000 0.080000 4827.800000
519.920000 496.080000 0.210000 5744.990000
466.920000 520.680000 0.080000 4476.970000
504.250000 440.730000 0.260000 5073.470000
515.210000 573.680000 0.270000 7537.180000
520.810000 538.310000 0.220000 5422.290000
535.380000 465.050000 0.080000 6576.010000
474.160000 487.900000 0.090000 6792.940000
472.080000 489.510000 0.080000 4978.760000
519.020000 461.240000 0.060000 5797.670000
475.570000 469.280000 0.330000 7152.820000
405.470000 532.480000 0.390000 7129.790000
568.740000 501.040000 0.340000 6988.480000
446.830000 549.110000 0.200000 6735.210000
595.700000 525.560000 0.210000 4669.080000
619.640000 426.680000 0.210000 5298.150000
524.780000 527.100000 0.250000 4969.280000
500.110000 361.190000 0.320000 6178.570000
439.500000 517.040000 0.280000 4574.260000
483.130000 477.170000 0.050000 5981.400000
419.150000 501.800000 0.290000 6684.200000
461.440000 488.900000 0.310000 7796.400000
470.990000 571.220000 0.290000 5168.880000
523.520000 518.980000 0.300000 5661.890000
537.670000 461.810000 0.210000 6248.320000
528.940000 449.610000 0.210000 7024.850000
470.960000 454.150000 0.150000 6174.090000
487.310000 525.920000 0.130000 6224.270000
499.340000 509.240000 0.140000 5321.980000
502.420000 547.390000 0.190000 4673.410000
450.630000 578.910000 0.010000 6285.050000
482.510000 449.070000 0.290000 5815.030000
504.690000 451.470000 0.170000 5735.680000
