361.750000 540.890000 0.040000 5950.560000
588.530000 398.010000 0.180000 7517.790000
498.280000 491.850000 0.350000 6443.700000
544.320000 631.240000 0.210000 6202.010000
404.500000 522.760000 0.160000 7126.240000
357.770000 452.370000 0.260000 5136.660000
710.290000 692.680000 0.250000 5771.240000
432.170000 332.220000 0.280000 6376.730000
445.880000 527.800000 0.320000 5706.390000
412.980000 550.890000 0.020000 4754.920000
480.320000 643.450000 0.220000 5559.440000
591.020000 420.440000 0.180000 6567.900000
430.660000 558.450000 0.160000 7136.810000
576.280000 475.740000 0.250000 5583.740000
676.400000 638.870000 0.200000 5140.250000
545.970000 516.920000 0.150000 6351.550000
433.550000 514.950000 0.230000 4806.010000
624.420000 456.850000 0.440000 6361.300000
677.250000 583.470000 0.180000 6180.950000
506.560000 404.190000 0.360000 7077.410000
335.100000 533.670000 0.340000 5498.600000
509.750000 623.240000 0.160000 4497.090000
674.200000 434.110000 0.380000 5653.530000
607.690000 735.460000 0.050000 4364.090000
703.150000 462.310000 0.120000 5452.090000
611.640000 511.760000 0.350000 4485.510000
536.620000 538.900000 0.150000 5713.980000
493.340000 569.560000 0.200000 6930.820000
324.570000 417.470000 0.120000 3218.340000
458.840000 252.930000 0.220000 7135.230000
510.270000 554.230000 0.320000 5844.400000
790.250000 591.950000 0.120000 7096.920000
524.920000 514.440000 0.210000 6457.760000
519.640000 453.630000 0.140000 5901.480000
350.870000 645.090000 0.130000 3949.130000
578.280000 636.690000 0.170000 7145.120000
515.770000 581.970000 0.360000 5668.820000
462.780000 553.530000 0.160000 5829.090000
515.550000 546.220000 0.260000 7653.700000
563.770000 648.300000 0.390000 6258.190000
586.000000 657.090000 0.170000 4581.880000
377.800000 322.930000 0.300000 5846.660000
408.650000 396.700000 0.220000 6824.450000
499.180000 387.330000 0.250000 4346.100000
387.020000 639.000000 0.160000 7646.720000
735.240000 665.140000 0.240000 6359.160000
516.900000 557.260000 0.280000 6359.030000
422.090000 459.350000 0.120000 6495.140000
559.560000 404.370000 0.200000 6094.710000
412.780000 609.430000 0.250000 6130.800000
441.280000 596.360000 0.130000 5850.700000
430.350000 567.440000 0.300000 5257.200000
377.870000 554.080000 0.360000 6204.190000
518.050000 562.750000 0.200000 4981.510000
688.320000 413.130000 0.140000 4580.080000
573.920000 469.550000 0.120000 4872.220000
444.950000 448.680000 0.110000 4731.540000
463.120000 623.310000 0.200000 6531.000000
335.250000 467.000000 0.220000 4729.300000
485.470000 333.160000 0.230000 7635.000000
564.700000 429.660000 0.220000 6584.490000
522.370000 601.230000 0.360000 5379.590000
470.080000 564.460000 0.040000 7036.190000
553.430000 546.100000 0.380000 6141.430000
545.350000 439.930000 0.160000 6855.710000
374.080000 617.850000 0.210000 7898.930000
480.400000 465.360000 0.170000 5136.700000
547.110000 419.010000 0.060000 6975.700000
450.030000 524.010000 0.100000 5142.280000
546.990000 516.710000 0.340000 7125.990000
358.000000 500.700000 0.220000 6405.100000
489.760000 660.430000 0.070000 5668.510000
394.110000 515.710000 0.180000 6095.100000
444.450000 410.470000 0.110000 6616.950000
494.330000 324.090000 0.210000 5742.380000
475.770000 604.600000 0.290000 6288.140000
552.860000 508.250000 0.050000 3947.720000
498.370000 491.070000 0.240000 6126.380000
535.540000 367.570000 0.380000 6140.390000
467.980000 449.820000 0.180000 6378.310000
614.790000 569.870000 0.150000 4890.800000
663.500000 456.680000 0.140000 4815.120000
576.460000 612.270000 0.010000 6129.860000
325.610000 560.860000 0.110000 5153.960000
518.890000 546.210000 0.480000 4657.560000
576.560000 480.420000 0.170000 6575.220000
401.270000 501.210000 0.310000 4587.060000
589.360000 465.290000 0.040000 7770.670000
515.240000 539.780000 0.120000 6701.360000
500.410000 511.650000 0.200000 7456.170000
