513.440000 361.420000 0.330000 4940.560000
546.330000 390.980000 0.370000 5889.010000
554.190000 575.650000 0.120000 7901.450000
586.690000 341.910000 0.240000 2234.190000
482.690000 498.490000 0.180000 6912.420000
590.300000 541.770000 0.190000 7453.590000
297.800000 442.000000 0.280000 6359.050000
478.230000 524.050000 0.150000 5248.740000
495.800000 538.150000 0.180000 6450.000000
508.880000 505.580000 0.210000 4853.950000
519.540000 428.450000 0.220000 7272.870000
378.620000 478.550000 0.260000 7280.980000
431.600000 466.340000 0.190000 6342.190000
426.710000 481.710000 0.280000 5433.400000
369.160000 618.430000 0.290000 5606.560000
528.800000 464.830000 0.270000 6356.770000
507.120000 635.060000 0.110000 5969.530000
640.230000 570.720000 0.230000 6295.140000
536.070000 450.870000 0.130000 7163.580000
439.860000 269.650000 0.080000 3960.330000
