443.080000 434.140000 0.230000 5790.640000
233.250000 279.240000 0.270000 5752.690000
521.940000 575.330000 0.380000 5437.500000
532.610000 496.160000 0.170000 5935.670000
615.150000 366.100000 0.310000 5705.530000
506.080000 445.310000 0.100000 6725.970000
395.840000 580.600000 0.010000 6468.980000
411.630000 530.500000 0.220000 5106.270000
592.080000 585.220000 0.430000 5907.040000
342.470000 626.520000 0.320000 6981.700000
573.320000 482.150000 0.240000 5439.670000
464.790000 555.560000 0.130000 6677.240000
411.060000 375.920000 0.280000 7045.430000
455.990000 645.640000 0.210000 7043.390000
520.550000 559.660000 0.190000 5513.160000
365.030000 461.630000 0.280000 6989.690000
575.930000 471.290000 0.150000 6157.000000
426.460000 495.420000 0.150000 7656.820000
532.490000 454.210000 0.250000 5910.330000
428.720000 267.740000 0.120000 6057.780000
458.450000 471.300000 0.160000 5375.920000
601.280000 509.800000 0.030000 5873.810000
534.790000 586.720000 0.240000 6922.870000
491.260000 415.670000 0.240000 4575.020000
658.030000 682.540000 0.300000 7285.030000
539.630000 449.300000 0.040000 6768.560000
325.140000 258.840000 0.070000 5725.960000
504.190000 478.030000 0.090000 4057.960000
679.560000 358.270000 0.230000 5841.800000
576.440000 577.530000 0.170000 6971.190000
492.120000 534.020000 0.320000 5236.840000
439.810000 472.060000 0.170000 6210.830000
597.160000 436.110000 0.010000 5217.830000
438.540000 321.090000 0.020000 6706.070000
423.040000 376.190000 0.140000 5226.340000
555.200000 520.230000 0.270000 5314.790000
597.660000 389.660000 0.120000 4141.420000
608.690000 433.730000 0.190000 7482.670000
498.920000 622.790000 0.260000 6653.990000
404.770000 395.910000 0.260000 6602.670000
446.470000 411.870000 0.170000 4689.440000
643.260000 432.380000 0.140000 4921.960000
481.620000 411.440000 0.200000 7124.460000
521.270000 349.390000 0.210000 4355.560000
494.460000 620.010000 0.260000 6218.000000
448.570000 529.050000 0.210000 6427.880000
599.530000 378.810000 0.190000 5810.910000
475.010000 594.510000 0.280000 6695.310000
551.960000 439.420000 0.260000 7190.020000
423.650000 439.640000 0.190000 7717.300000
422.820000 475.060000 0.300000 4622.500000
456.490000 351.920000 0.250000 5499.060000
584.880000 492.220000 0.290000 5176.730000
616.550000 563.440000 0.350000 7297.580000
536.780000 487.250000 0.210000 5620.290000
424.160000 444.820000 0.170000 6229.030000
399.240000 496.570000 0.330000 5442.980000
414.540000 571.350000 0.060000 6139.680000
556.240000 463.860000 0.110000 4994.190000
428.540000 634.760000 0.310000 5294.400000
513.350000 427.400000 0.280000 6399.690000
657.030000 447.730000 0.070000 5311.410000
338.340000 500.450000 0.190000 6091.120000
340.260000 229.030000 0.250000 5305.390000
471.510000 476.590000 0.320000 5212.950000
499.630000 435.090000 0.180000 5160.260000
440.260000 454.610000 0.220000 4413.410000
604.860000 566.310000 0.250000 4786.360000
596.340000 653.790000 0.220000 6249.670000
381.410000 461.740000 0.170000 6127.390000
