523.730000 615.540000 0.340000 5448.230000
450.600000 498.170000 0.110000 5554.550000
583.270000 316.540000 0.270000 5506.830000
465.460000 270.690000 0.070000 6366.710000
589.930000 673.140000 0.160000 6520.690000
488.200000 566.850000 0.310000 5052.590000
660.860000 471.120000 0.150000 6774.350000
516.200000 547.990000 0.190000 5746.330000
675.360000 477.440000 0.240000 6441.720000
620.730000 676.880000 0.340000 7157.310000
547.760000 410.710000 0.210000 6541.140000
528.760000 479.870000 0.110000 6752.970000
558.380000 547.670000 0.170000 4657.210000
546.600000 445.190000 0.310000 7065.790000
543.390000 523.830000 0.130000 6319.170000
594.730000 547.590000 0.190000 7447.050000
536.260000 413.810000 0.110000 7410.230000
535.760000 494.050000 0.110000 4382.420000
585.680000 496.070000 0.170000 7345.060000
559.310000 527.210000 0.280000 7092.960000
770.390000 640.770000 0.150000 5620.160000
502.220000 394.390000 0.250000 6410.580000
410.490000 397.580000 0.100000 6671.000000
618.000000 505.590000 0.230000 7194.350000
553.970000 344.430000 0.270000 5470.530000
459.000000 541.810000 0.210000 5887.600000
563.870000 519.730000 0.270000 7607.280000
610.080000 297.350000 0.170000 7440.780000
469.600000 531.430000 0.210000 5167.050000
539.170000 361.070000 0.370000 5413.300000
