627.100000 562.840000 0.180000 6278.960000
603.310000 634.980000 0.320000 5509.400000
508.540000 277.850000 0.060000 4482.990000
475.300000 645.570000 0.170000 5158.800000
630.270000 350.320000 0.130000 6715.680000
399.230000 523.410000 0.190000 6164.260000
506.940000 479.800000 0.290000 4814.520000
593.040000 395.810000 0.190000 7058.370000
553.330000 442.560000 0.230000 6106.190000
388.980000 540.820000 0.350000 7178.690000
658.690000 381.650000 0.270000 6144.830000
475.330000 481.080000 0.070000 4718.460000
465.730000 348.880000 0.270000 6166.850000
443.150000 630.260000 0.270000 5935.180000
535.590000 775.530000 0.170000 6128.390000
679.460000 537.960000 0.240000 7301.750000
548.090000 554.200000 0.140000 5585.880000
422.520000 445.700000 0.210000 5781.960000
534.170000 296.260000 0.080000 5314.670000
709.550000 551.550000 0.260000 5971.490000
424.920000 408.390000 0.230000 6309.740000
560.070000 523.860000 0.060000 4455.220000
656.680000 546.520000 0.150000 5867.020000
424.870000 533.830000 0.110000 7849.130000
568.250000 408.540000 0.110000 7610.180000
527.660000 606.270000 0.200000 5777.420000
407.940000 534.750000 0.250000 5486.200000
463.220000 717.210000 0.180000 5733.200000
610.940000 477.670000 0.380000 5384.960000
567.230000 602.300000 0.390000 4084.570000
372.300000 409.180000 0.030000 6602.200000
477.980000 520.430000 0.280000 6971.770000
394.340000 550.010000 0.180000 6333.880000
688.370000 456.110000 0.360000 4799.550000
469.300000 583.450000 0.130000 5163.550000
449.050000 414.270000 0.090000 7464.180000
514.320000 427.780000 0.290000 5600.040000
395.910000 495.040000 0.110000 4506.580000
585.220000 599.680000 0.430000 3920.300000
561.890000 537.960000 0.140000 6257.240000
565.160000 530.250000 0.260000 5508.070000
364.470000 476.200000 0.270000 7230.990000
245.830000 347.210000 0.190000 5454.630000
634.050000 602.260000 0.400000 5159.910000
656.950000 611.220000 0.240000 6073.880000
371.480000 487.580000 0.320000 6590.050000
336.370000 395.140000 0.410000 6621.300000
625.710000 533.640000 0.350000 5355.770000
313.100000 566.200000 0.180000 6383.250000
645.620000 569.880000 0.140000 5779.150000
532.420000 513.960000 0.180000 4503.700000
537.950000 582.180000 0.280000 6918.540000
489.440000 402.150000 0.170000 5805.270000
444.290000 629.070000 0.270000 6223.400000
601.110000 693.550000 0.430000 5567.740000
584.980000 638.930000 0.140000 5651.490000
589.760000 582.510000 0.340000 5914.460000
222.510000 386.570000 0.110000 4788.100000
595.670000 300.860000 0.340000 4531.170000
422.860000 413.390000 0.220000 4218.260000
651.220000 358.690000 0.190000 4636.100000
446.380000 382.560000 0.020000 6737.530000
508.470000 305.310000 0.180000 5359.430000
599.120000 305.510000 0.150000 6318.490000
406.880000 474.230000 0.240000 4992.200000
783.850000 533.740000 0.130000 7383.160000
460.740000 443.020000 0.080000 5599.790000
452.190000 345.020000 0.350000 6244.550000
450.680000 276.030000 0.220000 5665.330000
478.920000 339.680000 0.290000 6516.300000
546.080000 533.570000 0.220000 7513.030000
616.240000 441.970000 0.190000 7135.820000
577.050000 522.800000 0.230000 6086.950000
661.350000 439.170000 0.210000 4456.970000
540.070000 545.800000 0.150000 5242.700000
548.530000 488.290000 0.120000 7310.230000
467.430000 485.500000 0.300000 7741.670000
408.110000 416.690000 0.020000 5285.580000
505.460000 525.880000 0.230000 5358.390000
505.940000 434.260000 0.260000 6278.160000
