588.070000 510.780000 0.230000 5106.580000
453.650000 533.190000 0.050000 6200.410000
368.800000 519.990000 0.380000 6178.450000
341.670000 499.970000 0.310000 5141.960000
620.240000 534.830000 0.180000 6525.960000
317.010000 548.720000 0.120000 6417.760000
621.340000 596.380000 0.090000 3730.650000
344.630000 462.640000 0.210000 5448.240000
657.680000 422.400000 0.230000 5419.570000
555.930000 358.160000 0.160000 7025.080000
413.680000 413.230000 0.030000 6229.800000
544.180000 647.590000 0.180000 4838.790000
538.370000 546.140000 0.270000 6564.960000
385.660000 441.080000 0.230000 5727.790000
412.090000 397.040000 0.230000 6218.270000
415.280000 542.980000 0.220000 5498.040000
585.660000 554.250000 0.200000 5282.360000
448.510000 337.180000 0.330000 4630.950000
402.080000 370.690000 0.290000 7220.710000
544.870000 404.120000 0.380000 6223.280000
544.100000 404.720000 0.230000 4704.650000
497.500000 436.980000 0.280000 7287.780000
283.280000 579.820000 0.100000 6230.690000
613.650000 554.430000 0.270000 4697.790000
500.280000 485.530000 0.230000 6194.870000
442.000000 455.460000 0.130000 7117.330000
568.410000 421.100000 0.100000 6103.370000
391.680000 476.330000 0.140000 6123.230000
482.940000 403.410000 0.250000 6200.860000
453.630000 531.500000 0.090000 6311.640000
304.120000 597.960000 0.140000 6025.630000
482.910000 546.880000 0.220000 5107.560000
609.940000 553.270000 0.300000 6810.650000
281.230000 476.190000 0.170000 6480.850000
333.720000 451.300000 0.060000 6768.830000
540.210000 631.970000 0.470000 5791.470000
548.210000 492.800000 0.040000 5392.130000
462.670000 344.560000 0.110000 5262.710000
526.010000 465.160000 0.290000 6416.340000
454.410000 375.310000 0.150000 4534.780000
