673.150000 252.780000 0.250000 6141.050000
264.100000 392.490000 0.010000 5460.120000
587.750000 649.320000 0.050000 6241.560000
391.880000 419.870000 0.160000 4078.460000
855.490000 332.310000 0.410000 5686.860000
153.640000 427.800000 0.160000 5583.730000
355.310000 393.650000 0.190000 5840.780000
293.430000 513.230000 0.030000 6779.030000
640.190000 304.880000 0.250000 6339.350000
139.160000 682.550000 0.180000 6891.350000
524.070000 685.680000 0.200000 5622.740000
478.160000 610.920000 0.130000 5286.500000
610.800000 457.620000 0.090000 6056.500000
608.370000 415.640000 0.380000 7493.300000
658.080000 544.050000 0.180000 7823.600000
582.620000 474.950000 0.160000 6107.790000
511.190000 526.690000 0.050000 6064.130000
604.670000 318.940000 0.370000 5820.690000
397.920000 493.600000 0.160000 5707.030000
458.010000 701.820000 0.090000 5444.650000
246.520000 668.260000 0.100000 4517.300000
361.550000 757.060000 0.200000 5949.850000
635.470000 558.700000 0.280000 7466.600000
340.160000 625.590000 0.240000 5491.200000
272.670000 579.710000 0.180000 6437.640000
668.490000 410.390000 0.350000 6957.040000
608.370000 476.460000 0.220000 7007.660000
541.410000 566.020000 0.300000 6565.720000
600.130000 592.800000 0.180000 6435.200000
395.490000 830.610000 0.210000 4756.530000
