640.790000 452.270000 0.170000 6674.710000
573.530000 512.860000 0.220000 5879.590000
474.480000 398.390000 0.170000 5517.600000
216.630000 649.040000 0.010000 5025.590000
713.880000 393.700000 0.360000 6787.500000
650.690000 680.400000 0.180000 5608.040000
641.180000 339.240000 0.260000 5962.430000
671.910000 600.570000 0.080000 5259.270000
327.230000 466.040000 0.250000 6016.530000
474.910000 663.170000 0.290000 5852.410000
264.130000 625.430000 0.250000 5857.030000
446.130000 666.410000 0.010000 5923.170000
672.370000 539.550000 0.280000 6075.400000
440.060000 432.920000 0.050000 5768.700000
730.140000 626.800000 0.290000 6671.280000
285.460000 525.600000 0.300000 7602.860000
556.190000 560.540000 0.150000 6725.670000
696.240000 411.550000 0.180000 5148.390000
286.440000 371.150000 0.360000 6150.610000
553.150000 77.800000 0.200000 7547.150000
730.570000 160.740000 0.190000 5780.380000
707.450000 632.520000 0.400000 7064.600000
598.560000 267.770000 0.100000 5790.520000
431.740000 593.780000 0.110000 4922.830000
493.330000 635.040000 0.090000 6266.920000
451.620000 146.740000 0.110000 6476.430000
810.320000 320.370000 0.200000 5828.660000
560.780000 355.160000 0.430000 5312.580000
694.820000 546.350000 0.160000 5419.740000
427.650000 570.010000 0.110000 6288.720000
853.410000 692.000000 0.190000 5629.020000
208.390000 573.180000 0.210000 4991.700000
521.620000 637.730000 0.240000 4447.630000
387.680000 807.010000 0.110000 5619.790000
549.640000 174.270000 0.080000 6005.670000
403.640000 424.160000 0.150000 4969.180000
391.310000 595.610000 0.260000 4851.080000
635.520000 669.540000 0.220000 5543.420000
721.390000 290.820000 0.230000 5165.040000
558.030000 535.660000 0.260000 5235.730000
205.870000 346.950000 0.240000 5940.500000
784.180000 339.190000 0.180000 5495.530000
240.280000 476.410000 0.340000 6225.920000
519.010000 426.980000 0.110000 5215.790000
436.610000 618.030000 0.150000 6527.670000
464.690000 459.010000 0.210000 7784.720000
538.330000 795.400000 0.200000 6380.760000
706.460000 692.260000 0.200000 5496.520000
503.620000 371.420000 0.280000 6366.030000
598.120000 540.020000 0.080000 6223.930000
364.950000 559.520000 0.070000 7594.370000
406.080000 569.640000 0.160000 5647.360000
883.370000 441.760000 0.250000 5870.600000
419.240000 721.970000 0.120000 6034.530000
585.490000 557.620000 0.170000 6413.770000
432.330000 255.210000 0.380000 5243.380000
412.830000 611.140000 0.230000 7193.610000
723.900000 740.730000 0.300000 7401.790000
667.760000 593.240000 0.120000 4565.880000
639.210000 490.750000 0.230000 4685.880000
439.570000 715.090000 0.270000 5089.930000
326.730000 479.220000 0.300000 6551.640000
525.530000 634.010000 0.160000 7497.250000
379.990000 342.890000 0.300000 6007.040000
402.890000 703.940000 0.300000 3145.260000
516.100000 450.560000 0.220000 7245.960000
440.280000 506.310000 0.010000 7872.990000
296.970000 609.530000 0.260000 6632.280000
416.420000 533.960000 0.230000 6473.260000
402.790000 476.630000 0.220000 6509.540000
