197.760000 399.680000 0.030000 7148.120000
846.450000 607.230000 0.240000 7818.860000
530.740000 406.210000 0.190000 6752.700000
687.550000 395.200000 0.170000 4877.610000
454.570000 398.620000 0.270000 5374.790000
602.220000 223.350000 0.130000 6518.190000
613.640000 482.050000 0.200000 6732.560000
467.910000 834.610000 0.070000 6602.410000
857.860000 467.440000 0.340000 6252.930000
401.480000 487.990000 0.100000 6049.880000
499.850000 646.310000 0.310000 4406.850000
407.730000 314.710000 0.210000 6582.230000
508.090000 736.070000 0.140000 6692.470000
272.790000 263.520000 0.290000 4720.770000
453.590000 329.580000 0.060000 5122.480000
492.100000 546.750000 0.250000 7185.870000
193.220000 372.300000 0.230000 7220.460000
679.320000 444.910000 0.260000 4976.780000
703.590000 465.260000 0.320000 5852.780000
780.510000 587.330000 0.300000 6518.630000
686.020000 622.280000 0.140000 6266.140000
433.160000 411.690000 0.430000 5951.020000
837.000000 391.240000 0.140000 7048.800000
527.250000 597.870000 0.250000 3183.090000
313.050000 593.960000 0.160000 4725.390000
556.330000 711.810000 0.210000 4865.740000
346.030000 246.700000 0.130000 6322.220000
711.690000 317.740000 0.240000 5474.790000
448.800000 613.170000 0.150000 5991.210000
370.560000 798.800000 0.150000 3865.430000
479.560000 585.320000 0.290000 5739.070000
778.260000 452.910000 0.280000 6124.970000
469.350000 422.780000 0.140000 6531.360000
743.250000 328.250000 0.260000 4406.950000
139.390000 374.000000 0.190000 7792.140000
461.130000 673.260000 0.240000 6613.700000
707.330000 693.380000 0.150000 5769.480000
601.930000 325.690000 0.290000 6281.720000
791.880000 431.190000 0.080000 7154.260000
608.550000 491.520000 0.060000 6067.730000
553.370000 640.830000 0.170000 5309.060000
607.340000 501.340000 0.380000 5772.080000
563.160000 320.360000 0.090000 4588.840000
622.110000 247.430000 0.130000 6750.810000
496.980000 647.930000 0.210000 5853.760000
514.390000 609.640000 0.290000 7308.660000
630.590000 554.880000 0.180000 5411.140000
253.140000 494.010000 0.310000 6845.010000
272.080000 679.030000 0.210000 6756.630000
317.000000 463.770000 0.260000 4865.160000
517.750000 404.080000 0.200000 5811.720000
384.700000 844.830000 0.290000 3893.090000
502.950000 442.980000 0.310000 4569.450000
461.990000 737.670000 0.080000 6631.710000
464.700000 609.870000 0.160000 6789.040000
512.380000 465.390000 0.270000 4804.030000
350.660000 555.600000 0.260000 5406.210000
597.630000 450.370000 0.280000 6473.550000
495.220000 342.510000 0.100000 4934.480000
516.820000 429.270000 0.090000 5774.080000
504.520000 383.430000 0.220000 7350.010000
623.030000 522.770000 0.240000 6117.990000
336.130000 604.550000 0.330000 7231.410000
612.860000 470.460000 0.140000 6257.010000
222.990000 547.770000 0.230000 6311.930000
219.610000 243.520000 0.190000 6484.260000
321.620000 424.910000 0.290000 4784.980000
370.160000 374.900000 0.420000 6080.450000
430.740000 504.120000 0.320000 7118.990000
604.470000 485.470000 0.330000 5925.630000
641.060000 631.120000 0.100000 6860.960000
623.640000 505.490000 0.210000 4649.590000
408.790000 479.660000 0.040000 6160.410000
362.330000 333.860000 0.080000 7249.030000
434.440000 611.250000 0.110000 4990.230000
429.950000 527.490000 0.130000 3230.580000
320.590000 617.190000 0.290000 6537.920000
455.720000 664.500000 0.040000 6076.830000
602.470000 434.120000 0.250000 4548.840000
452.690000 378.870000 0.240000 7566.040000
285.470000 482.660000 0.270000 6339.910000
735.390000 609.560000 0.240000 6665.910000
278.680000 480.450000 0.210000 6194.580000
532.810000 497.680000 0.320000 4003.690000
567.450000 725.880000 0.190000 5696.660000
641.460000 333.810000 0.200000 7749.470000
310.750000 411.350000 0.370000 5774.600000
420.030000 262.980000 0.120000 7263.760000
614.380000 387.160000 0.360000 5958.490000
651.130000 382.530000 0.320000 3780.710000
369.130000 637.490000 0.150000 6587.780000
139.990000 623.210000 0.360000 5761.920000
495.160000 490.020000 0.320000 4582.650000
748.580000 658.170000 0.090000 5311.850000
319.890000 811.870000 0.170000 5603.180000
437.450000 288.730000 0.240000 5515.020000
645.560000 442.490000 0.280000 4688.170000
426.050000 567.460000 0.200000 4986.890000
409.420000 471.340000 0.210000 5552.550000
591.410000 672.220000 0.160000 7644.940000
