449.770000 459.460000 0.360000 6574.700000
376.160000 326.090000 0.360000 5560.700000
454.470000 576.620000 0.250000 4746.560000
593.650000 434.190000 0.040000 6497.830000
490.280000 515.210000 0.070000 4898.490000
568.140000 521.610000 0.030000 5562.560000
658.800000 361.030000 0.320000 6123.580000
654.800000 392.610000 0.010000 5633.520000
566.240000 202.440000 0.040000 6212.900000
677.630000 613.450000 0.110000 5034.090000
264.140000 489.490000 0.170000 7051.110000
584.140000 368.030000 0.290000 4712.170000
232.470000 455.620000 0.170000 4902.500000
365.110000 383.980000 0.270000 5620.740000
488.580000 655.790000 0.190000 7031.100000
540.350000 474.530000 0.280000 5908.870000
746.790000 573.970000 0.340000 6585.990000
623.310000 691.820000 0.140000 6128.030000
600.830000 475.300000 0.150000 3923.010000
416.100000 466.580000 0.220000 7161.910000
715.390000 546.070000 0.210000 5466.460000
561.590000 564.960000 0.170000 5807.130000
736.750000 699.170000 0.190000 5416.570000
684.260000 606.760000 0.060000 6863.000000
455.310000 490.510000 0.300000 6835.440000
547.250000 461.280000 0.330000 6153.470000
370.330000 473.890000 0.150000 6808.430000
541.260000 413.090000 0.250000 6621.310000
157.130000 557.400000 0.100000 7399.170000
419.860000 559.160000 0.170000 7837.840000
443.150000 530.960000 0.160000 6078.720000
369.110000 561.510000 0.260000 6810.170000
506.870000 356.180000 0.300000 3087.190000
535.170000 320.190000 0.090000 4380.030000
764.390000 599.800000 0.140000 5588.590000
475.760000 657.950000 0.220000 6138.270000
145.590000 604.310000 0.250000 6413.570000
547.200000 597.680000 0.180000 6028.010000
541.600000 482.510000 0.160000 7399.840000
618.860000 463.520000 0.020000 6004.400000
428.710000 448.440000 0.040000 4447.250000
539.260000 389.040000 0.300000 6632.740000
701.930000 479.670000 0.200000 5262.540000
410.460000 848.780000 0.130000 6792.390000
399.900000 465.240000 0.290000 6768.360000
640.370000 496.230000 0.160000 6419.290000
692.370000 463.710000 0.250000 5132.860000
415.960000 323.290000 0.290000 6635.720000
286.380000 446.570000 0.030000 6783.240000
448.310000 403.540000 0.010000 5760.530000
467.050000 465.500000 0.330000 6234.660000
717.150000 597.350000 0.280000 4748.850000
413.270000 294.220000 0.180000 5426.870000
430.930000 469.750000 0.340000 5436.030000
324.050000 611.050000 0.230000 5140.380000
875.770000 370.990000 0.070000 5294.770000
538.480000 421.490000 0.130000 5024.920000
504.610000 573.420000 0.210000 6675.920000
271.190000 492.910000 0.100000 6388.370000
465.160000 518.950000 0.320000 6167.310000
640.270000 656.220000 0.210000 7215.610000
333.570000 563.010000 0.210000 5747.990000
473.290000 344.250000 0.100000 5354.540000
485.530000 682.780000 0.230000 5935.180000
594.170000 544.430000 0.330000 6220.200000
740.260000 622.450000 0.330000 6511.130000
311.530000 559.460000 0.110000 5636.640000
492.620000 472.980000 0.190000 6250.250000
389.920000 276.310000 0.120000 7473.450000
533.720000 616.790000 0.320000 5456.530000
423.600000 663.850000 0.160000 5307.020000
643.240000 591.060000 0.140000 6155.040000
303.350000 483.350000 0.230000 5289.780000
367.150000 460.220000 0.140000 5615.280000
592.210000 123.930000 0.350000 5972.500000
673.050000 430.330000 0.220000 6783.200000
546.660000 445.770000 0.150000 5056.950000
364.130000 588.460000 0.080000 5651.460000
466.100000 641.440000 0.110000 4193.390000
467.440000 685.320000 0.230000 4454.570000
