394.500000 426.660000 0.210000 4563.590000
425.370000 563.650000 0.240000 6007.460000
535.270000 621.150000 0.350000 6938.910000
442.230000 445.880000 0.230000 6179.110000
406.120000 306.110000 0.060000 7176.940000
163.320000 542.310000 0.270000 4898.660000
582.270000 539.570000 0.200000 6628.640000
486.370000 474.250000 0.250000 5911.310000
429.010000 406.330000 0.260000 5865.550000
316.450000 274.260000 0.360000 5510.260000
503.110000 677.480000 0.370000 4953.850000
517.060000 662.080000 0.190000 5447.800000
385.590000 717.580000 0.090000 7913.590000
631.560000 317.910000 0.110000 5016.300000
564.260000 450.540000 0.220000 6412.640000
744.390000 581.240000 0.330000 5370.660000
563.330000 625.360000 0.180000 5999.690000
493.070000 641.430000 0.200000 7485.020000
448.590000 456.130000 0.230000 5360.950000
513.930000 804.640000 0.310000 7702.310000
