571.500000 641.620000 0.090000 6359.220000
505.300000 764.970000 0.020000 4509.630000
431.970000 471.220000 0.270000 5660.140000
551.940000 578.150000 0.250000 6686.070000
275.880000 486.190000 0.330000 6734.130000
306.430000 723.500000 0.240000 7146.720000
439.390000 346.830000 0.030000 5180.440000
421.020000 652.990000 0.150000 5711.810000
737.270000 568.200000 0.260000 5365.020000
301.140000 285.420000 0.280000 5264.770000
623.020000 412.520000 0.160000 4375.150000
400.120000 572.360000 0.270000 7117.220000
626.650000 462.230000 0.330000 7452.830000
416.050000 124.010000 0.250000 6498.600000
462.060000 353.920000 0.080000 4936.260000
635.110000 471.170000 0.300000 6745.710000
485.600000 657.750000 0.070000 6156.240000
604.630000 557.560000 0.230000 7271.900000
652.600000 514.090000 0.290000 7513.020000
628.800000 306.930000 0.260000 6553.970000
398.610000 321.690000 0.190000 5116.780000
444.700000 586.810000 0.180000 7542.350000
626.360000 382.060000 0.230000 5935.900000
433.980000 348.180000 0.340000 4652.200000
592.290000 607.940000 0.160000 7303.310000
493.230000 526.770000 0.010000 6310.990000
439.450000 532.220000 0.090000 4198.560000
445.260000 457.640000 0.400000 5949.540000
677.970000 548.560000 0.230000 7117.770000
321.150000 483.230000 0.110000 6699.670000
239.950000 720.310000 0.260000 4553.810000
531.030000 609.100000 0.310000 7433.580000
421.840000 601.260000 0.040000 6384.960000
817.510000 317.430000 0.240000 5854.610000
483.700000 222.070000 0.170000 5952.840000
517.300000 580.730000 0.170000 5222.780000
743.730000 213.740000 0.020000 5629.550000
542.680000 496.960000 0.090000 5946.670000
677.950000 699.590000 0.160000 5303.590000
511.740000 152.220000 0.380000 6159.920000
367.830000 334.810000 0.220000 6206.240000
396.350000 318.350000 0.280000 7310.150000
473.420000 489.440000 0.360000 5837.250000
744.540000 456.160000 0.200000 4806.720000
748.310000 260.040000 0.230000 5292.950000
235.190000 423.310000 0.210000 5725.140000
507.500000 536.670000 0.290000 6731.690000
492.770000 389.540000 0.260000 6993.880000
588.810000 323.920000 0.020000 6181.410000
678.240000 486.250000 0.330000 5124.190000
616.100000 747.680000 0.170000 6045.830000
405.380000 399.360000 0.160000 4771.360000
593.360000 572.530000 0.160000 5299.150000
531.370000 562.450000 0.320000 7408.810000
520.210000 195.410000 0.010000 6095.890000
387.630000 664.480000 0.030000 7241.550000
703.470000 527.540000 0.310000 6962.960000
618.630000 492.260000 0.100000 6764.480000
368.430000 573.850000 0.510000 7244.030000
403.120000 512.870000 0.170000 5228.300000
478.060000 368.250000 0.150000 6766.520000
571.830000 587.900000 0.080000 6074.010000
676.670000 657.270000 0.060000 6785.130000
692.600000 415.910000 0.230000 7860.970000
448.770000 624.950000 0.170000 7071.110000
513.390000 360.780000 0.310000 6976.720000
914.520000 418.040000 0.370000 5811.620000
651.720000 730.270000 0.240000 5994.710000
697.190000 674.350000 0.110000 5954.870000
887.940000 398.710000 0.160000 5714.920000
361.290000 453.730000 0.100000 5598.670000
396.750000 472.450000 0.160000 7060.940000
411.930000 252.610000 0.220000 6883.550000
348.010000 573.490000 0.270000 5480.970000
456.350000 628.440000 0.090000 6037.360000
417.610000 354.880000 0.250000 5064.550000
462.670000 601.040000 0.120000 4052.180000
545.360000 339.250000 0.340000 5016.670000
252.710000 459.480000 0.110000 5353.950000
524.560000 528.120000 0.330000 5432.640000
104.620000 655.420000 0.310000 7146.320000
666.930000 395.120000 0.250000 6131.500000
298.890000 223.540000 0.100000 5822.410000
490.520000 400.870000 0.280000 6155.780000
314.100000 311.080000 0.220000 4523.310000
535.010000 382.330000 0.060000 6391.420000
583.950000 501.460000 0.260000 5428.750000
482.710000 169.330000 0.090000 7283.770000
367.780000 731.890000 0.250000 7249.460000
641.040000 509.560000 0.350000 5415.140000
