415.840000 598.600000 0.050000 6966.220000
588.100000 401.160000 0.280000 5246.940000
722.200000 447.600000 0.210000 6610.920000
411.020000 721.010000 0.100000 5896.850000
695.580000 675.270000 0.220000 3890.330000
204.460000 536.250000 0.140000 5727.770000
490.960000 513.200000 0.170000 5551.170000
498.970000 676.580000 0.250000 6337.350000
489.300000 563.030000 0.260000 6627.230000
378.980000 380.980000 0.260000 6976.560000
461.000000 879.890000 0.140000 6211.460000
492.000000 393.610000 0.210000 7941.610000
446.010000 525.200000 0.030000 5557.150000
307.470000 512.420000 0.240000 6127.830000
666.620000 223.000000 0.120000 5993.970000
518.950000 617.400000 0.220000 7551.920000
509.230000 246.230000 0.230000 6820.920000
269.940000 741.920000 0.270000 5825.380000
675.180000 590.450000 0.420000 7158.240000
553.650000 762.050000 0.470000 5584.320000
261.810000 722.930000 0.170000 5881.890000
379.360000 445.110000 0.350000 3896.980000
473.020000 391.950000 0.100000 5569.660000
525.060000 358.980000 0.250000 5674.140000
245.840000 654.810000 0.110000 5764.020000
796.230000 210.980000 0.270000 6115.250000
754.170000 587.990000 0.330000 5426.500000
413.110000 703.180000 0.400000 6202.880000
537.030000 552.310000 0.170000 7202.620000
327.190000 553.100000 0.130000 5416.700000
476.330000 540.040000 0.240000 4566.620000
314.990000 501.960000 0.190000 6447.660000
634.570000 521.870000 0.130000 3846.430000
420.580000 541.460000 0.320000 7251.130000
692.510000 820.510000 0.160000 5046.080000
403.030000 424.610000 0.150000 7307.230000
632.920000 417.080000 0.110000 6261.010000
806.970000 616.770000 0.020000 4686.800000
558.050000 584.540000 0.070000 7342.910000
545.930000 361.300000 0.250000 4929.180000
