598.30 589.55 6162.79 0.51 
594.63 637.41 6642.35 0.39 
563.96 545.98 5920.05 0.52 
624.10 651.48 6886.31 0.46 
555.87 627.22 7163.02 0.46 
596.29 642.90 6661.72 0.30 
609.61 601.72 6956.59 0.30 
590.36 629.02 6346.11 0.27 
564.46 656.62 6541.33 0.52 
637.39 627.93 5106.13 0.42 
545.79 638.05 5386.35 0.29 
543.57 541.60 6250.06 0.32 
612.75 606.36 6967.05 0.37 
544.87 681.14 5250.87 0.29 
586.98 576.12 5681.09 0.44 
541.94 600.63 6565.70 0.47 
642.64 559.63 5672.42 0.32 
633.08 571.97 7744.03 0.51 
641.44 667.62 6868.09 0.54 
646.50 628.79 6434.96 0.44 
742.64 592.25 7881.20 0.35 
