670.29 724.58 6263.34 0.37 
559.22 609.11 5942.32 0.29 
646.75 665.31 6990.85 0.22 
754.36 554.16 7709.46 0.51 
696.55 701.46 7188.48 0.45 
571.24 556.95 6823.46 0.28 
599.24 627.57 6112.43 0.44 
551.71 704.35 7157.56 0.12 
554.44 676.81 6155.83 0.56 
549.75 681.52 7332.09 0.42 
563.51 714.52 7635.63 0.59 
545.33 730.49 7446.44 0.40 
658.76 580.86 7422.70 0.45 
615.99 557.77 7879.69 0.36 
740.39 638.75 5765.08 0.21 
653.67 802.63 6716.67 0.32 
554.65 563.34 6363.64 0.44 
582.15 623.26 7091.04 0.32 
554.37 649.40 5905.18 0.45 
610.05 559.58 5435.26 0.51 
757.43 661.59 6373.22 0.30 
714.05 652.24 7259.84 0.41 
575.01 617.46 6621.33 0.25 
542.81 629.08 6699.88 0.33 
578.09 608.53 7063.88 0.43 
576.75 602.68 6759.66 0.47 
806.70 564.17 6215.88 0.50 
569.51 666.23 7259.28 0.50 
590.54 618.71 7041.27 0.39 
667.12 601.65 6666.59 0.37 
600.23 738.51 7180.05 0.29 
663.52 633.94 7463.09 0.41 
580.80 631.33 6483.17 0.65 
562.56 658.29 7326.30 0.30 
617.39 568.43 7460.58 0.38 
577.33 638.70 6547.74 0.10 
656.95 649.95 7086.43 0.17 
745.85 586.86 7021.38 0.27 
566.72 680.98 6686.77 0.46 
725.44 737.92 5544.46 0.40 
547.74 561.53 6674.21 0.46 
789.61 554.62 7352.73 0.43 
625.75 632.98 7467.43 0.19 
544.91 808.38 7220.80 0.20 
656.84 593.06 7484.73 0.41 
611.40 547.02 6283.29 0.31 
703.63 585.40 7472.23 0.40 
739.60 649.97 7032.64 0.49 
747.42 647.95 7137.61 0.40 
572.67 596.51 6243.42 0.22 
646.33 630.54 7091.67 0.06 
572.71 635.87 6253.68 0.28 
635.84 621.06 7328.99 0.27 
736.77 604.44 7211.67 0.36 
625.03 548.38 6014.03 0.26 
698.14 640.19 7486.55 0.54 
590.36 805.61 6717.74 0.35 
637.97 605.58 6072.97 0.28 
593.11 547.26 7055.50 0.38 
617.27 556.38 5971.02 0.41 
627.21 731.70 5928.97 0.29 
709.36 570.60 6766.97 0.23 
642.31 565.09 6316.80 0.45 
616.36 568.67 6493.98 0.53 
561.34 555.21 6752.29 0.33 
548.39 812.33 5908.79 0.38 
573.38 551.71 6294.57 0.38 
553.95 563.98 5884.67 0.48 
680.21 573.11 6950.93 0.33 
565.50 772.92 7301.81 0.37 
553.15 783.94 7450.46 0.53 
