593.99 644.13 6903.19 0.48 
608.45 689.98 7383.44 0.44 
558.38 606.30 7506.52 0.57 
563.59 565.80 5879.03 0.54 
776.80 606.38 7217.17 0.41 
657.15 647.14 7367.40 0.35 
576.63 562.29 5380.19 0.47 
776.89 565.75 5904.06 0.43 
541.31 758.36 6505.84 0.22 
566.38 580.01 7140.47 0.40 
785.57 542.42 5898.81 0.35 
544.39 655.16 7496.58 0.48 
582.11 601.42 6205.45 0.47 
647.10 594.59 6713.55 0.29 
643.96 576.29 6858.02 0.37 
663.55 756.43 6468.65 0.42 
573.49 540.84 7242.01 0.40 
595.04 641.11 6510.23 0.64 
572.10 546.93 5828.53 0.41 
656.28 651.98 7272.82 0.43 
540.96 584.51 6000.83 0.48 
584.48 549.90 5457.91 0.39 
599.51 657.74 7128.88 0.54 
650.23 629.09 6296.94 0.50 
609.95 639.04 7080.25 0.44 
699.66 557.66 5973.60 0.39 
672.26 599.75 6788.82 0.43 
615.70 614.99 6534.51 0.47 
627.74 560.85 7220.95 0.35 
645.62 603.18 6669.71 0.32 
568.45 662.04 6856.16 0.39 
