552.56 661.30 7429.34 0.34 
617.52 547.68 6875.71 0.27 
577.91 599.36 6653.08 0.44 
678.09 583.93 5525.52 0.63 
700.42 710.39 6202.43 0.55 
601.68 596.96 6265.85 0.52 
606.14 671.57 6443.68 0.32 
642.98 555.60 7054.74 0.36 
553.42 746.47 6598.31 0.40 
635.11 669.00 7199.47 0.45 
664.69 591.90 6196.96 0.36 
586.18 569.32 6021.12 0.34 
545.52 788.93 5762.24 0.30 
580.57 569.54 6693.67 0.42 
595.51 650.27 6768.55 0.55 
542.22 558.34 7344.42 0.63 
550.09 615.62 6952.33 0.40 
580.59 584.59 7267.18 0.41 
542.86 608.15 6563.85 0.30 
572.51 574.67 7257.07 0.55 
648.48 691.12 5987.98 0.55 
556.48 540.75 7651.63 0.26 
643.42 566.94 6032.39 0.50 
621.42 620.19 7179.51 0.36 
560.45 626.17 6875.56 0.22 
596.08 670.00 6799.94 0.46 
638.13 552.29 5287.01 0.46 
748.68 616.73 5129.74 0.34 
607.33 548.17 7192.94 0.22 
573.82 667.51 6332.27 0.55 
677.91 635.04 6511.37 0.30 
567.42 635.88 5369.12 0.40 
634.37 750.76 6516.87 0.43 
632.21 588.95 6404.18 0.27 
613.01 559.79 6679.66 0.48 
632.29 700.10 6745.40 0.45 
650.90 639.93 6826.24 0.32 
601.95 589.66 5188.67 0.40 
553.13 721.80 6401.55 0.39 
648.46 750.31 6221.26 0.50 
665.78 587.05 5461.27 0.34 
655.44 644.38 4921.59 0.44 
710.73 635.25 7624.35 0.25 
577.10 630.36 7765.24 0.34 
582.68 600.11 7119.81 0.37 
540.46 618.30 6964.67 0.46 
543.69 646.80 6016.28 0.43 
657.15 642.83 6692.71 0.48 
560.23 730.30 6050.28 0.48 
734.01 598.15 6119.53 0.37 
645.71 627.69 6048.74 0.21 
659.22 681.29 6286.21 0.49 
760.35 606.75 7240.99 0.58 
626.22 715.38 6423.31 0.35 
669.96 691.26 6391.98 0.25 
867.46 687.47 7212.93 0.41 
579.28 632.32 7054.27 0.45 
642.84 671.74 7279.67 0.42 
568.87 707.75 6726.39 0.36 
655.59 587.82 7061.87 0.30 
612.36 613.10 6903.29 0.50 
546.50 610.98 7088.15 0.39 
602.65 680.18 7210.46 0.47 
691.31 676.33 7905.45 0.25 
812.27 654.56 7311.15 0.41 
567.52 602.34 6601.98 0.50 
575.97 551.59 7339.33 0.22 
705.56 640.62 6459.24 0.38 
607.83 565.81 7692.33 0.40 
670.14 544.50 6555.09 0.45 
665.81 658.17 6615.18 0.40 
545.79 636.53 6349.34 0.49 
585.07 581.73 6727.86 0.35 
564.27 680.12 6491.11 0.33 
562.53 552.67 6385.35 0.43 
566.43 563.83 7616.51 0.41 
540.07 681.60 6141.36 0.31 
555.46 637.76 7936.56 0.38 
666.83 751.02 5162.31 0.37 
560.22 576.56 6258.98 0.18 
583.16 714.43 6020.58 0.40 
640.90 596.68 6119.15 0.45 
576.80 628.64 7464.96 0.24 
558.13 598.24 7431.39 0.24 
597.24 564.19 7305.86 0.38 
585.01 773.45 5740.19 0.23 
579.84 635.91 6286.96 0.37 
674.27 547.09 5894.13 0.42 
748.21 734.17 5869.86 0.37 
582.94 725.89 6507.39 0.45 
549.01 595.69 7207.81 0.23 
540.46 695.00 6208.08 0.25 
591.17 626.30 7514.34 0.36 
594.94 681.63 6145.09 0.29 
643.05 566.58 6590.01 0.48 
716.72 580.53 6927.55 0.21 
566.42 604.79 6480.53 0.45 
698.17 657.89 6954.80 0.38 
723.11 549.17 7765.34 0.48 
573.10 772.71 6094.52 0.33 
567.73 601.74 6200.43 0.33 
