758.41 684.20 6804.27 0.41 
603.85 582.81 6254.65 0.50 
599.06 610.60 5987.70 0.46 
778.10 548.86 6923.24 0.16 
564.31 561.61 6750.24 0.52 
703.05 671.90 7324.52 0.25 
742.50 677.51 6694.78 0.29 
642.63 646.44 6811.74 0.29 
540.48 607.35 6990.16 0.25 
556.82 803.09 6332.77 0.48 
542.06 573.99 7775.27 0.47 
548.15 546.38 6659.63 0.26 
613.82 605.13 7245.67 0.32 
677.66 573.58 7372.57 0.34 
668.37 604.68 6796.25 0.44 
582.72 570.12 7009.24 0.51 
706.92 570.36 7825.58 0.53 
654.38 624.71 5756.24 0.46 
694.96 660.86 6411.04 0.47 
699.39 555.34 6130.75 0.34 
567.13 663.53 6119.05 0.12 
602.28 593.98 6418.15 0.54 
682.14 628.55 7148.01 0.53 
564.61 553.73 6742.33 0.48 
675.36 716.18 6021.53 0.32 
669.40 596.27 5190.93 0.45 
551.97 608.32 5973.27 0.27 
582.67 627.18 6453.24 0.52 
748.60 544.85 6422.44 0.48 
788.20 563.82 7660.41 0.33 
665.20 736.38 6585.04 0.19 
544.63 611.35 7057.01 0.18 
584.86 663.12 7344.42 0.34 
582.54 626.91 6537.21 0.39 
616.28 609.13 7156.53 0.33 
637.39 586.15 5961.05 0.44 
621.74 773.03 6563.71 0.43 
785.97 567.71 7241.00 0.32 
579.18 699.73 7395.77 0.57 
650.91 624.26 6227.10 0.59 
569.69 579.95 5466.41 0.51 
633.51 761.73 7189.82 0.22 
621.81 588.30 7530.60 0.40 
705.59 555.99 7152.89 0.39 
673.68 571.91 7616.36 0.30 
577.51 610.40 5925.22 0.44 
682.78 637.11 7050.66 0.47 
622.28 720.73 6985.46 0.57 
662.90 736.09 7289.33 0.27 
580.37 555.58 6486.37 0.32 
604.30 547.20 6038.18 0.33 
672.56 623.97 6588.45 0.26 
590.44 636.40 6655.97 0.38 
556.41 631.34 7525.93 0.27 
563.97 562.74 7984.57 0.31 
542.36 743.45 6857.45 0.05 
624.65 568.92 6038.90 0.41 
627.99 708.76 6739.17 0.52 
547.18 667.34 6776.13 0.46 
621.95 694.89 6917.73 0.48 
567.64 596.33 6580.11 0.56 
608.69 683.64 5741.81 0.28 
548.56 560.08 6739.71 0.44 
631.76 619.48 5742.99 0.47 
656.14 595.12 5721.83 0.53 
586.17 580.61 5694.56 0.30 
551.49 543.51 7654.38 0.32 
562.27 672.26 6125.20 0.37 
544.33 599.35 5557.95 0.45 
625.23 576.18 7536.30 0.41 
670.99 578.51 6011.88 0.42 
591.05 657.70 5283.17 0.46 
700.45 588.04 7454.78 0.41 
697.14 600.98 5658.78 0.61 
550.92 561.99 6951.68 0.39 
562.42 550.84 6831.87 0.37 
857.55 578.12 6753.55 0.35 
623.25 603.31 5996.45 0.38 
682.17 578.53 6562.21 0.16 
676.75 605.97 7519.08 0.36 
648.54 626.59 7766.40 0.63 
558.36 649.03 5731.80 0.51 
549.64 592.15 5684.86 0.60 
594.05 600.93 7375.92 0.25 
576.91 582.70 6598.84 0.28 
568.27 762.15 5809.77 0.24 
577.81 678.68 6277.52 0.43 
547.18 707.09 7546.46 0.45 
560.25 579.92 6309.79 0.41 
637.63 598.73 6452.99 0.36 
644.05 577.50 6370.97 0.38 
628.59 709.42 5594.63 0.38 
678.75 608.30 7455.62 0.33 
792.81 624.16 7356.13 0.43 
749.16 588.43 5679.50 0.30 
575.97 649.05 6217.29 0.59 
675.42 630.45 7444.39 0.48 
543.76 605.12 6796.43 0.46 
566.48 711.94 6867.15 0.32 
551.21 589.06 6462.97 0.51 
580.91 548.70 6415.73 0.39 
778.50 665.33 6026.88 0.36 
568.18 571.82 6083.43 0.48 
781.30 587.54 7060.73 0.43 
758.53 721.20 7594.87 0.27 
691.45 638.36 6745.72 0.39 
662.02 562.92 7277.68 0.27 
620.47 667.03 7218.73 0.37 
553.73 655.30 5944.56 0.49 
558.11 548.43 5734.18 0.51 
586.90 551.97 6299.08 0.33 
551.56 559.84 5900.11 0.50 
553.84 576.65 6972.10 0.50 
605.03 777.36 6347.43 0.29 
631.76 626.97 6976.80 0.58 
546.77 580.58 7641.16 0.26 
802.52 691.25 5988.71 0.40 
563.80 606.52 6191.48 0.44 
589.30 709.54 5894.62 0.44 
552.96 695.16 6261.93 0.38 
553.59 580.59 6715.80 0.42 
598.99 637.90 7676.31 0.53 
602.29 661.62 6644.43 0.39 
687.09 562.93 6256.37 0.56 
596.64 587.71 5718.88 0.51 
769.98 582.77 6293.81 0.42 
712.66 616.39 6393.61 0.29 
583.12 743.37 7355.11 0.53 
598.91 566.16 7900.17 0.49 
610.18 564.33 6936.29 0.47 
762.66 713.56 6026.35 0.46 
652.47 620.59 6533.77 0.44 
558.76 563.79 6605.05 0.43 
650.22 552.12 7237.22 0.56 
659.83 697.08 6592.44 0.40 
662.64 599.77 7185.02 0.36 
576.64 581.58 5862.61 0.48 
550.36 612.76 6229.02 0.55 
634.03 684.29 6746.24 0.28 
556.77 559.83 7752.57 0.35 
616.66 556.13 6476.64 0.32 
646.59 641.28 6085.72 0.54 
589.53 604.69 5487.59 0.43 
702.95 724.77 7058.47 0.64 
620.34 544.80 6434.11 0.45 
633.87 609.19 4634.43 0.34 
551.58 604.45 6591.97 0.37 
666.60 572.00 6896.05 0.47 
571.49 565.91 6611.72 0.43 
581.63 583.56 6823.42 0.33 
785.41 596.79 5920.88 0.49 
