697.04 554.78 6985.60 0.40 
595.96 566.50 6653.93 0.40 
570.99 583.92 6702.93 0.55 
625.54 683.52 6596.79 0.63 
559.64 735.34 6967.31 0.37 
556.31 551.21 7742.38 0.42 
557.66 661.14 5920.09 0.34 
713.56 685.83 7670.80 0.48 
593.35 546.09 7051.48 0.55 
596.95 554.32 6908.54 0.54 
573.31 659.50 6789.14 0.56 
640.02 710.87 6536.00 0.52 
555.39 606.20 6482.21 0.08 
646.37 570.18 6510.14 0.44 
545.86 701.14 6126.72 0.66 
581.26 558.20 7011.51 0.12 
560.05 604.22 6463.56 0.19 
721.57 550.42 7097.32 0.31 
548.26 580.70 5571.75 0.45 
728.40 675.31 5486.25 0.50 
695.89 752.11 6341.42 0.34 
603.54 548.54 6331.89 0.36 
635.56 623.16 5227.10 0.35 
613.52 564.39 6465.67 0.39 
563.26 588.51 7447.01 0.28 
556.07 571.32 4982.31 0.36 
587.54 611.32 6227.26 0.32 
620.49 594.65 6105.01 0.35 
665.61 643.24 6245.23 0.35 
733.63 660.84 6029.78 0.22 
584.28 723.80 6160.55 0.19 
604.13 603.52 6268.24 0.32 
559.41 675.38 6422.60 0.44 
656.32 746.10 6984.82 0.56 
628.02 596.60 5755.10 0.46 
743.23 652.58 6332.89 0.42 
551.04 567.64 7239.32 0.50 
585.31 581.88 6892.48 0.27 
641.93 559.26 6905.73 0.53 
779.09 622.02 6804.96 0.49 
566.71 653.82 6171.82 0.35 
691.70 549.93 6873.08 0.34 
545.68 667.51 6920.87 0.37 
577.60 639.29 7712.28 0.34 
689.67 548.19 5901.74 0.43 
765.72 543.92 6406.03 0.31 
644.64 567.97 5708.17 0.33 
695.55 604.94 5905.50 0.33 
598.92 593.73 7467.09 0.34 
616.51 621.11 6313.51 0.46 
687.51 618.46 6419.69 0.35 
556.46 584.89 6949.99 0.49 
659.96 621.48 6337.80 0.34 
569.49 658.54 6933.13 0.42 
653.10 618.04 7171.79 0.46 
555.04 615.43 6325.79 0.18 
598.04 674.96 6811.95 0.46 
554.60 723.26 7317.34 0.41 
620.11 746.78 6655.33 0.36 
599.40 596.95 6420.72 0.33 
669.35 543.75 7505.14 0.44 
573.72 832.59 5396.25 0.29 
542.91 851.72 6976.34 0.49 
541.98 679.27 6577.49 0.38 
664.99 561.67 5795.38 0.32 
563.22 670.46 6018.21 0.46 
583.83 584.44 6072.38 0.49 
542.21 556.93 5829.08 0.35 
592.86 624.65 7287.29 0.42 
558.37 701.33 6493.72 0.44 
648.54 617.02 6430.05 0.44 
716.09 596.86 5702.13 0.31 
604.75 663.08 6308.48 0.33 
603.46 605.29 7054.02 0.40 
601.14 557.64 6653.46 0.42 
610.31 556.74 5980.82 0.36 
591.71 581.92 6677.01 0.44 
772.39 642.05 7482.77 0.48 
650.39 634.30 5323.40 0.31 
557.54 663.83 6900.56 0.49 
541.70 743.90 7071.42 0.48 
742.73 552.44 6024.39 0.61 
753.98 567.02 7706.89 0.35 
792.45 608.98 6995.78 0.44 
624.73 726.32 5819.68 0.25 
550.73 599.52 5909.38 0.35 
630.70 724.64 5971.85 0.57 
867.98 625.89 6799.43 0.36 
598.86 654.72 6919.10 0.46 
555.16 597.29 6101.53 0.59 
631.69 551.02 6467.10 0.52 
