720.46 591.64 7890.36 0.55 
603.56 614.18 5396.39 0.47 
665.88 578.48 7558.81 0.48 
572.84 694.57 6002.56 0.48 
666.81 639.43 6405.25 0.29 
571.71 803.37 7771.71 0.47 
599.05 555.46 6672.49 0.58 
591.68 635.29 5840.22 0.18 
584.66 546.25 7106.75 0.38 
566.78 827.53 6810.82 0.35 
623.52 650.95 7816.55 0.33 
629.77 604.08 7803.47 0.28 
625.52 559.61 5630.48 0.48 
593.56 606.00 6537.63 0.32 
685.85 608.44 6860.26 0.46 
567.20 623.52 7905.77 0.41 
654.27 650.04 6961.05 0.55 
548.62 554.12 7007.66 0.40 
565.39 564.34 7613.98 0.40 
580.79 739.99 5188.79 0.40 
742.65 782.08 7807.03 0.42 
602.32 585.18 6767.17 0.48 
569.48 681.08 6347.59 0.15 
627.01 730.41 5385.18 0.39 
572.31 679.95 6474.20 0.56 
554.16 626.74 5827.23 0.25 
585.09 670.09 6857.45 0.40 
766.90 609.79 6993.55 0.43 
697.02 647.90 6062.44 0.29 
727.86 689.01 7805.84 0.36 
636.10 632.12 6092.40 0.48 
666.61 576.90 6676.18 0.25 
836.36 598.09 6234.78 0.46 
546.70 680.92 6180.61 0.40 
649.71 568.08 6535.44 0.44 
547.68 732.30 5513.07 0.42 
649.44 641.46 6519.83 0.33 
709.24 567.86 6431.04 0.32 
632.80 656.69 6865.50 0.44 
559.19 591.24 7271.34 0.38 
705.75 556.09 6747.01 0.34 
