607.43 605.16 6489.44 0.40 
555.23 691.63 5799.74 0.27 
680.53 580.31 6576.57 0.30 
625.57 575.01 7138.53 0.42 
554.10 543.93 6745.61 0.49 
544.48 638.13 6620.09 0.27 
605.00 598.98 5976.42 0.46 
606.71 597.24 6561.96 0.31 
619.32 588.38 6314.11 0.38 
629.95 653.16 5753.22 0.30 
637.46 724.33 6480.34 0.33 
608.73 603.94 6920.72 0.28 
670.26 550.22 5838.63 0.42 
746.85 563.99 5944.50 0.29 
624.88 677.63 7255.63 0.46 
673.26 541.22 6488.80 0.37 
592.14 600.04 7472.02 0.29 
617.58 556.36 7095.91 0.61 
686.02 622.82 6157.88 0.47 
703.89 554.03 7016.99 0.23 
678.61 569.99 5385.21 0.44 
639.40 546.93 6265.01 0.44 
692.04 551.50 5936.69 0.50 
644.92 606.80 6965.36 0.48 
565.02 595.33 6175.11 0.38 
652.80 598.56 7256.32 0.39 
608.85 559.88 5737.00 0.35 
643.75 591.00 6089.68 0.34 
541.42 603.02 6491.04 0.28 
588.73 687.08 7514.90 0.41 
724.77 548.68 6472.95 0.41 
682.49 543.39 6489.67 0.45 
757.74 633.71 6999.35 0.48 
575.53 755.08 6841.32 0.38 
587.60 582.61 7801.58 0.47 
589.21 605.14 6681.57 0.41 
571.89 607.32 6689.19 0.20 
543.31 572.74 5992.48 0.41 
638.54 549.60 7080.38 0.22 
585.31 651.41 6392.66 0.43 
568.72 706.28 6043.19 0.49 
735.46 719.37 7699.09 0.38 
560.87 577.27 6007.73 0.34 
547.51 650.10 6575.26 0.46 
751.36 586.53 7290.82 0.43 
555.86 712.10 6260.87 0.35 
580.11 566.29 6702.96 0.59 
589.70 656.16 6566.40 0.30 
634.75 550.28 6352.14 0.28 
590.54 611.86 6857.49 0.36 
574.47 598.73 7756.92 0.33 
651.80 694.05 6455.36 0.36 
773.07 719.17 6885.48 0.39 
555.52 679.68 6469.70 0.32 
626.45 814.18 6453.31 0.54 
633.32 621.21 5897.31 0.26 
622.03 649.05 6556.75 0.41 
600.50 740.49 7017.54 0.44 
687.24 550.31 7139.85 0.46 
677.88 589.63 6666.63 0.49 
599.31 569.64 7332.02 0.40 
572.95 548.62 5736.39 0.37 
622.49 742.53 5932.85 0.50 
731.70 640.75 6350.41 0.39 
637.68 629.40 7894.69 0.56 
550.34 642.75 5590.24 0.27 
597.18 562.48 6668.41 0.61 
554.95 677.59 6867.67 0.31 
737.41 577.37 5558.36 0.38 
651.38 637.32 6071.34 0.36 
562.20 596.79 7625.91 0.48 
641.16 560.40 7079.97 0.45 
544.12 558.45 6904.16 0.33 
792.24 777.22 5852.50 0.40 
569.96 574.49 6848.87 0.45 
653.47 702.00 6964.73 0.50 
621.60 836.23 6712.26 0.45 
873.36 703.43 6781.81 0.37 
626.74 661.95 4997.93 0.53 
583.03 608.10 5986.95 0.52 
775.06 717.96 6969.39 0.27 
