583.72 723.62 7149.69 0.43 
698.77 616.94 6615.91 0.41 
661.90 582.40 7258.59 0.27 
589.33 559.77 5758.66 0.28 
610.27 688.70 5936.73 0.37 
566.22 541.89 5196.91 0.37 
782.48 680.92 6598.43 0.38 
720.66 567.76 7130.82 0.24 
627.89 580.44 7075.00 0.52 
559.18 555.25 5398.37 0.27 
561.72 553.38 7565.85 0.37 
634.78 562.76 6528.40 0.28 
555.24 586.63 6165.57 0.38 
545.53 551.56 6975.82 0.57 
638.65 622.39 5796.75 0.28 
617.05 549.11 6835.88 0.41 
588.74 595.03 6241.81 0.45 
586.25 607.49 6025.73 0.40 
682.87 606.76 6160.38 0.45 
588.95 599.13 6402.12 0.21 
768.33 584.84 7236.20 0.29 
731.68 738.24 5830.02 0.41 
744.70 773.04 5806.08 0.38 
636.02 587.70 6653.29 0.49 
658.35 563.23 7670.32 0.34 
642.98 576.85 5286.53 0.22 
661.61 558.13 5996.18 0.46 
588.94 678.13 7394.41 0.30 
632.24 549.34 6102.68 0.34 
551.95 567.45 7002.70 0.43 
693.89 561.87 6820.56 0.57 
601.55 852.55 7194.09 0.37 
617.13 592.25 6713.07 0.45 
619.87 583.19 7279.15 0.39 
670.81 875.80 6001.96 0.21 
649.22 667.60 7215.54 0.41 
753.95 740.18 6462.20 0.39 
614.60 545.24 7375.91 0.37 
562.17 709.45 6678.14 0.49 
695.36 604.20 6529.61 0.35 
659.47 601.47 7132.25 0.36 
582.59 628.01 6353.77 0.44 
565.65 556.56 6361.68 0.31 
540.75 561.70 6861.98 0.27 
599.91 571.18 6181.79 0.20 
576.98 787.51 6413.79 0.36 
608.00 570.69 6583.85 0.45 
664.64 784.34 7131.61 0.47 
616.94 586.14 5188.25 0.18 
594.86 652.62 6873.22 0.30 
601.49 624.51 6409.24 0.39 
590.41 733.21 7337.47 0.51 
710.77 571.48 6692.86 0.47 
618.99 601.25 6479.58 0.38 
557.35 843.76 7064.53 0.31 
650.21 562.41 6707.59 0.21 
711.08 663.10 6456.59 0.38 
685.12 801.25 7395.79 0.43 
553.57 662.17 6647.90 0.37 
586.10 551.34 7251.97 0.45 
541.62 625.89 6397.86 0.23 
648.23 735.78 7165.40 0.41 
609.50 587.95 6479.78 0.46 
705.05 666.20 5780.75 0.40 
549.20 543.95 7279.75 0.42 
668.15 564.90 6721.08 0.11 
688.88 586.08 6859.33 0.30 
750.93 557.42 7282.39 0.35 
650.31 547.51 6812.40 0.40 
581.83 692.27 6812.81 0.56 
587.97 614.18 7682.49 0.49 
545.11 545.28 6984.91 0.31 
583.94 708.53 6193.76 0.46 
589.78 610.27 7098.99 0.49 
679.98 588.88 6922.76 0.48 
635.34 689.59 6072.24 0.48 
601.28 591.77 6549.58 0.29 
657.01 619.29 7569.04 0.27 
698.36 574.48 6960.85 0.55 
776.08 803.73 6862.69 0.29 
712.57 603.66 6143.18 0.36 
650.00 592.02 6638.71 0.22 
690.85 603.08 6267.79 0.46 
585.40 744.67 6136.93 0.36 
573.60 546.53 7446.83 0.61 
630.36 701.05 7062.24 0.35 
628.79 548.57 6919.42 0.69 
751.66 688.38 7022.42 0.19 
684.66 726.30 7163.95 0.37 
563.08 548.29 6524.82 0.53 
656.74 548.03 5410.47 0.51 
688.75 707.15 6683.74 0.38 
614.78 707.21 6417.68 0.36 
599.71 549.94 6816.53 0.23 
548.22 618.78 5652.29 0.33 
567.09 572.29 5821.11 0.42 
609.93 572.27 7078.33 0.26 
652.57 557.56 6687.86 0.31 
580.92 608.41 6574.10 0.18 
670.27 570.82 7382.99 0.54 
732.05 543.41 6421.81 0.40 
759.54 559.87 6315.27 0.45 
594.00 709.56 6443.48 0.22 
597.94 611.69 7352.21 0.53 
609.15 817.51 5796.49 0.49 
708.30 646.23 6927.43 0.25 
609.32 552.48 6983.07 0.27 
680.90 618.59 6593.26 0.41 
560.82 599.59 6751.00 0.38 
657.32 657.02 6617.88 0.34 
546.07 754.64 6617.69 0.55 
607.40 643.21 6169.88 0.43 
685.07 544.85 6446.92 0.36 
658.85 609.93 7514.95 0.42 
585.50 554.59 7199.33 0.42 
741.20 580.53 7982.81 0.37 
543.41 598.74 6618.66 0.41 
585.71 738.06 6537.21 0.49 
590.45 605.36 6977.04 0.29 
614.56 634.00 6838.96 0.35 
575.36 644.62 6725.59 0.45 
571.78 637.28 6756.80 0.35 
565.52 557.84 7230.07 0.39 
593.54 708.31 6850.11 0.41 
669.47 558.94 6885.85 0.48 
613.74 546.68 6660.97 0.19 
683.67 575.82 7314.11 0.40 
626.89 621.42 7375.16 0.58 
715.68 635.03 5760.82 0.33 
578.66 638.75 6366.31 0.46 
597.75 636.67 5678.20 0.31 
586.80 693.99 5170.98 0.36 
722.73 620.57 6803.18 0.34 
639.34 648.31 6514.43 0.47 
602.63 596.51 6394.34 0.28 
640.22 649.89 6859.58 0.38 
570.88 628.23 6515.90 0.35 
674.50 579.52 7508.55 0.48 
599.94 649.37 7398.78 0.37 
601.80 593.30 7646.60 0.43 
548.75 641.40 7173.93 0.64 
571.60 752.06 6153.36 0.60 
722.45 578.62 5817.21 0.63 
603.13 579.08 6069.24 0.40 
706.25 618.79 6697.71 0.31 
582.76 736.46 6314.44 0.40 
653.38 617.06 7627.30 0.54 
682.10 601.13 6611.51 0.33 
741.09 604.17 4598.97 0.58 
637.23 649.07 6754.13 0.42 
553.98 598.10 7680.81 0.24 
666.25 583.34 6442.21 0.38 
542.23 561.65 7549.03 0.53 
682.26 579.17 6673.14 0.09 
621.81 669.13 6933.59 0.59 
544.10 702.70 7314.57 0.30 
591.54 595.34 5980.46 0.58 
612.70 703.53 5780.03 0.39 
750.22 583.42 7008.36 0.64 
561.52 625.24 6582.10 0.39 
558.42 563.42 6012.34 0.23 
546.66 620.19 7167.70 0.34 
642.80 617.51 6361.96 0.28 
587.08 541.94 7455.89 0.23 
578.46 667.15 6607.37 0.56 
636.33 713.79 7668.95 0.35 
564.24 569.49 7780.20 0.47 
578.32 562.76 6157.29 0.27 
572.68 594.30 7113.37 0.44 
586.59 628.25 5902.28 0.44 
784.85 660.09 6283.51 0.40 
699.12 724.85 6629.26 0.43 
554.08 751.93 6910.96 0.31 
557.46 658.33 6517.08 0.49 
646.28 572.62 6022.21 0.43 
634.43 553.86 6754.45 0.19 
580.85 698.25 6473.02 0.33 
838.00 592.73 6239.59 0.27 
686.35 617.08 6824.12 0.40 
589.29 589.63 6940.84 0.45 
557.14 576.08 7046.26 0.43 
679.45 591.74 6901.92 0.50 
675.07 643.81 7686.93 0.32 
664.00 682.84 7868.45 0.38 
619.76 569.83 6299.46 0.42 
576.25 572.06 7077.38 0.58 
568.35 742.73 7736.12 0.59 
576.34 644.58 6763.09 0.52 
733.40 689.63 5259.37 0.22 
604.16 702.57 6850.69 0.34 
563.21 636.15 6324.53 0.28 
562.32 659.72 7185.73 0.39 
552.06 615.04 6069.72 0.53 
720.37 617.39 6745.82 0.40 
551.40 830.42 6599.77 0.29 
608.66 714.88 5689.27 0.36 
553.56 621.47 6583.04 0.23 
562.30 564.86 6157.60 0.40 
733.91 632.94 5836.45 0.34 
695.35 542.87 6269.15 0.32 
596.19 540.53 6202.05 0.33 
