470.570000 445.760000 0.330000 3100.250000
414.040000 466.450000 0.010000 1070.500000
428.980000 564.870000 0.180000 936.210000
516.870000 606.760000 0.320000 4869.350000
484.110000 503.140000 0.130000 4812.600000
415.070000 502.640000 0.110000 3477.530000
538.770000 451.030000 0.240000 7130.340000
478.620000 490.280000 0.330000 2081.490000
444.830000 463.330000 0.410000 3001.740000
458.590000 573.590000 0.210000 4683.660000
432.740000 425.540000 0.230000 6919.180000
508.050000 459.640000 0.120000 1210.070000
478.940000 474.370000 0.230000 5509.490000
572.050000 512.860000 0.250000 7918.690000
466.030000 507.300000 0.060000 3006.040000
458.410000 511.670000 0.280000 5258.230000
498.150000 378.790000 0.160000 4544.620000
559.040000 496.780000 0.240000 4392.410000
549.310000 417.410000 0.320000 7243.950000
444.560000 481.250000 0.200000 7057.970000
