224.790000 259.960000 0.200000 3195.570000
892.110000 432.630000 0.030000 4525.270000
489.590000 569.050000 0.130000 1363.350000
629.770000 473.540000 0.140000 3959.650000
613.150000 581.590000 0.400000 2582.500000
446.840000 387.270000 0.320000 6734.620000
249.040000 423.820000 0.240000 624.110000
385.670000 414.320000 0.140000 3014.460000
468.460000 565.040000 0.130000 2986.680000
519.460000 215.550000 0.220000 7099.360000
689.660000 453.030000 0.110000 4457.090000
445.770000 799.550000 0.400000 5576.080000
641.960000 333.030000 0.070000 6176.770000
726.280000 807.650000 0.290000 5947.780000
554.050000 579.480000 0.160000 2582.650000
637.570000 329.130000 0.230000 3778.730000
641.590000 650.740000 0.210000 598.640000
379.990000 790.520000 0.300000 938.000000
579.900000 699.340000 0.150000 7037.580000
382.670000 285.360000 0.120000 1224.170000
