457.400000 518.950000 0.150000 620.970000
529.420000 413.900000 0.140000 1092.380000
534.910000 499.430000 0.300000 6437.810000
443.730000 504.000000 0.430000 2473.560000
451.580000 436.410000 0.230000 6559.960000
554.450000 477.410000 0.270000 7963.640000
464.530000 476.630000 0.300000 7833.270000
510.120000 506.120000 0.310000 7708.760000
567.920000 495.850000 0.360000 1923.930000
473.950000 541.850000 0.210000 7910.360000
538.420000 505.150000 0.120000 676.040000
412.350000 478.550000 0.140000 3588.340000
454.610000 438.930000 0.110000 771.340000
471.650000 517.970000 0.210000 7277.510000
516.850000 571.960000 0.310000 5930.900000
502.660000 475.100000 0.220000 6901.350000
597.520000 582.620000 0.380000 2562.540000
503.800000 442.160000 0.080000 2332.660000
590.570000 619.920000 0.220000 2173.520000
483.700000 494.410000 0.400000 1748.420000
462.000000 451.550000 0.290000 6450.960000
544.150000 542.040000 0.260000 6846.200000
536.540000 430.050000 0.010000 6979.700000
433.960000 612.550000 0.200000 5790.810000
508.610000 474.180000 0.300000 4558.930000
514.170000 564.240000 0.180000 1343.040000
641.930000 523.170000 0.150000 4328.080000
517.120000 455.430000 0.220000 4925.320000
545.070000 539.610000 0.190000 6023.680000
544.580000 471.330000 0.160000 3053.500000
