374.710000 497.780000 0.220000 2013.710000
676.400000 607.720000 0.130000 6155.350000
497.680000 377.240000 0.240000 6794.160000
245.220000 642.310000 0.160000 3976.670000
686.990000 258.260000 0.280000 854.150000
374.820000 360.970000 0.200000 3612.450000
527.290000 318.900000 0.050000 7137.820000
572.580000 267.090000 0.110000 1398.890000
651.270000 371.190000 0.100000 4715.950000
411.970000 593.250000 0.100000 2385.210000
699.490000 676.630000 0.290000 2062.220000
344.270000 580.460000 0.260000 1990.300000
762.100000 782.060000 0.120000 5294.390000
366.090000 430.380000 0.050000 4116.130000
460.450000 460.690000 0.140000 7630.580000
499.750000 335.450000 0.080000 4078.370000
731.930000 427.610000 0.140000 5269.710000
641.520000 542.290000 0.380000 4855.050000
477.460000 556.250000 0.150000 3720.520000
531.690000 562.920000 0.120000 2854.720000
469.440000 448.260000 0.090000 1587.660000
404.700000 511.610000 0.280000 7212.340000
628.560000 492.730000 0.200000 792.320000
653.710000 469.910000 0.220000 7121.910000
314.200000 342.810000 0.320000 3401.800000
464.900000 628.800000 0.180000 5720.840000
203.000000 587.240000 0.300000 2893.490000
469.600000 537.880000 0.070000 6533.700000
491.850000 717.370000 0.260000 1937.330000
590.020000 553.040000 0.250000 6924.690000
