518.930000 466.670000 0.320000 7115.800000
483.900000 574.290000 0.250000 4696.820000
519.560000 508.010000 0.080000 1645.090000
505.310000 622.650000 0.200000 5048.310000
464.690000 487.240000 0.290000 4114.110000
459.630000 503.170000 0.200000 1749.420000
554.900000 484.300000 0.170000 4123.370000
547.850000 415.230000 0.190000 7405.510000
492.460000 596.580000 0.270000 6857.930000
478.840000 475.470000 0.130000 4940.360000
531.210000 530.880000 0.110000 4374.490000
580.900000 520.000000 0.250000 6139.480000
455.740000 511.410000 0.120000 4729.380000
581.590000 526.940000 0.030000 7543.620000
584.330000 534.400000 0.170000 2562.470000
525.100000 545.560000 0.330000 5631.550000
577.480000 483.320000 0.260000 6789.150000
520.620000 490.590000 0.200000 7057.040000
481.220000 480.300000 0.150000 6092.110000
528.860000 427.470000 0.230000 875.750000
521.050000 400.130000 0.150000 2408.790000
445.940000 519.320000 0.250000 5466.420000
497.500000 520.950000 0.310000 6817.360000
369.750000 432.810000 0.100000 5344.370000
479.980000 508.240000 0.110000 6326.990000
559.910000 519.090000 0.250000 1042.620000
561.490000 451.250000 0.220000 3510.590000
577.180000 616.690000 0.190000 5718.080000
502.270000 536.270000 0.220000 4217.920000
376.660000 471.070000 0.220000 3521.030000
465.100000 564.680000 0.180000 900.890000
501.020000 502.600000 0.130000 1323.490000
332.590000 465.690000 0.020000 2685.020000
484.030000 393.020000 0.190000 5536.520000
562.600000 419.060000 0.130000 6059.220000
504.800000 482.430000 0.170000 3629.350000
537.790000 452.050000 0.280000 5941.450000
434.660000 527.990000 0.190000 7149.520000
448.840000 545.390000 0.180000 5202.310000
422.270000 436.850000 0.180000 7807.780000
