508.620000 583.910000 0.150000 1253.300000
604.290000 608.130000 0.090000 6955.640000
556.870000 596.230000 0.190000 6151.150000
491.640000 302.440000 0.190000 5018.610000
776.980000 486.150000 0.050000 1448.670000
713.740000 413.220000 0.050000 7219.050000
427.830000 668.790000 0.150000 4133.600000
479.620000 356.930000 0.320000 2637.750000
436.740000 666.430000 0.380000 5930.630000
476.730000 433.400000 0.270000 2727.080000
272.620000 439.510000 0.530000 5180.010000
525.680000 432.380000 0.270000 6448.890000
480.550000 183.760000 0.210000 7308.270000
418.230000 272.160000 0.230000 1013.970000
589.090000 581.050000 0.350000 2191.790000
264.710000 339.980000 0.080000 6266.880000
422.500000 337.220000 0.050000 2445.560000
422.290000 340.320000 0.030000 5605.330000
473.400000 327.240000 0.200000 3287.640000
539.550000 574.230000 0.110000 7306.340000
256.670000 553.180000 0.220000 3540.270000
239.640000 572.280000 0.160000 3873.220000
691.540000 637.210000 0.320000 3017.610000
682.580000 592.510000 0.020000 2227.220000
540.700000 275.910000 0.330000 4008.810000
455.910000 466.790000 0.210000 4436.620000
499.780000 442.630000 0.170000 5545.740000
444.970000 529.550000 0.150000 7375.400000
263.120000 657.400000 0.220000 6866.900000
651.770000 438.600000 0.120000 4108.120000
549.720000 669.070000 0.260000 7750.500000
323.770000 490.050000 0.220000 1351.390000
529.140000 334.500000 0.040000 5006.790000
672.720000 558.600000 0.100000 2851.600000
568.820000 349.790000 0.200000 7336.750000
426.000000 527.460000 0.080000 5294.050000
530.640000 417.740000 0.040000 768.070000
589.300000 639.270000 0.230000 3603.230000
446.940000 481.100000 0.260000 5385.960000
435.730000 241.210000 0.250000 4242.490000
