541.840000 527.220000 0.230000 7563.900000
601.600000 551.680000 0.280000 5118.830000
257.400000 221.280000 0.110000 7737.190000
478.330000 416.380000 0.180000 4272.940000
261.480000 565.480000 0.220000 7919.070000
777.320000 567.870000 0.210000 1031.460000
344.790000 434.390000 0.230000 4186.820000
399.610000 508.510000 0.070000 788.970000
307.820000 306.040000 0.140000 1741.780000
299.730000 624.180000 0.130000 6647.860000
661.080000 366.390000 0.230000 745.370000
451.160000 445.080000 0.190000 7271.550000
397.960000 370.950000 0.330000 4144.950000
511.860000 601.990000 0.290000 7374.880000
702.710000 469.700000 0.290000 4250.760000
566.610000 306.630000 0.170000 3903.390000
319.170000 672.600000 0.380000 6603.180000
456.790000 497.670000 0.130000 5065.940000
745.980000 402.320000 0.290000 4730.500000
542.820000 251.580000 0.020000 4136.480000
309.370000 755.050000 0.110000 3241.720000
384.950000 514.210000 0.150000 1919.110000
351.240000 569.840000 0.110000 7221.360000
297.020000 577.110000 0.270000 5586.810000
528.350000 571.240000 0.020000 763.050000
628.100000 437.800000 0.100000 5576.800000
959.680000 516.460000 0.170000 4261.990000
661.310000 771.810000 0.390000 1107.600000
339.600000 191.700000 0.330000 6574.160000
578.600000 399.910000 0.220000 4177.030000
605.340000 579.480000 0.160000 4186.340000
610.350000 496.160000 0.080000 3836.460000
555.900000 660.130000 0.170000 1026.230000
704.720000 222.350000 0.170000 1582.510000
281.780000 738.770000 0.280000 553.920000
487.650000 471.430000 0.160000 2222.480000
517.360000 454.570000 0.380000 3068.120000
515.310000 46.180000 0.100000 1101.380000
573.300000 456.370000 0.300000 4253.590000
341.920000 542.320000 0.400000 1025.950000
628.320000 651.290000 0.150000 4690.760000
618.170000 490.140000 0.220000 5224.830000
396.160000 261.630000 0.010000 7255.960000
297.600000 462.750000 0.190000 7213.500000
419.700000 609.470000 0.270000 7189.070000
650.840000 605.500000 0.140000 6004.820000
547.710000 634.980000 0.200000 4375.430000
544.900000 310.020000 0.310000 5378.270000
486.090000 346.100000 0.320000 3722.520000
375.760000 709.190000 0.250000 7679.220000
581.230000 294.050000 0.150000 5504.010000
589.070000 187.490000 0.150000 5307.920000
458.360000 347.970000 0.090000 4560.010000
434.180000 552.490000 0.020000 6700.800000
764.460000 521.430000 0.150000 3439.990000
594.200000 366.620000 0.280000 4601.140000
560.110000 587.720000 0.170000 5861.300000
351.570000 518.010000 0.270000 3799.580000
368.910000 518.810000 0.110000 6954.660000
538.500000 311.500000 0.100000 1529.810000
446.130000 446.020000 0.170000 3183.790000
380.260000 542.720000 0.240000 4074.630000
339.670000 279.270000 0.250000 3342.800000
597.940000 851.770000 0.280000 4007.310000
329.000000 437.620000 0.370000 5557.550000
252.470000 628.740000 0.270000 4090.750000
467.970000 332.410000 0.110000 7171.940000
411.910000 806.250000 0.170000 5120.630000
648.780000 391.200000 0.120000 3979.060000
676.280000 582.500000 0.240000 3541.010000
