523.140000 411.130000 0.390000 3054.460000
479.330000 512.690000 0.160000 5028.030000
504.070000 496.010000 0.200000 3205.640000
453.310000 475.780000 0.020000 1592.580000
605.890000 561.850000 0.220000 2814.180000
510.160000 471.370000 0.150000 1816.600000
471.240000 417.990000 0.190000 5943.800000
557.110000 418.270000 0.230000 3096.260000
497.490000 505.990000 0.280000 5709.750000
524.280000 537.610000 0.330000 949.750000
490.280000 521.030000 0.010000 2800.510000
620.660000 458.690000 0.250000 3430.770000
346.100000 472.540000 0.020000 5989.820000
435.500000 499.560000 0.210000 4066.000000
483.410000 518.430000 0.080000 1738.770000
364.720000 545.960000 0.200000 3859.170000
438.200000 547.020000 0.190000 3466.560000
530.640000 537.170000 0.340000 4373.000000
511.230000 514.440000 0.210000 4890.420000
484.240000 424.270000 0.280000 5789.960000
476.010000 541.530000 0.080000 4624.400000
462.260000 567.880000 0.320000 3691.600000
472.510000 532.420000 0.240000 3683.090000
547.750000 519.090000 0.250000 3402.560000
474.120000 489.980000 0.170000 4086.230000
559.870000 489.410000 0.200000 4452.940000
506.580000 449.940000 0.290000 6143.040000
497.000000 560.700000 0.200000 557.820000
459.930000 466.250000 0.350000 674.950000
443.990000 464.250000 0.180000 4664.630000
521.110000 461.230000 0.080000 7615.280000
444.100000 618.400000 0.300000 2995.840000
454.480000 546.650000 0.050000 3266.120000
500.280000 546.650000 0.180000 7428.870000
585.030000 547.930000 0.350000 6605.330000
612.300000 467.080000 0.280000 4426.510000
397.010000 506.630000 0.380000 7453.100000
508.270000 522.260000 0.130000 7599.580000
507.040000 538.430000 0.210000 2153.490000
462.700000 468.550000 0.270000 1570.480000
444.720000 581.230000 0.170000 3777.380000
511.590000 554.940000 0.130000 7932.990000
488.390000 532.140000 0.150000 2356.040000
516.690000 449.390000 0.290000 1455.150000
436.610000 472.780000 0.270000 1298.370000
444.420000 464.730000 0.300000 7985.970000
541.380000 449.300000 0.070000 4927.980000
480.590000 511.240000 0.020000 5855.770000
523.980000 445.400000 0.060000 6817.610000
429.610000 428.980000 0.100000 7090.990000
573.920000 513.070000 0.050000 5350.260000
465.900000 492.760000 0.240000 6895.930000
474.200000 497.690000 0.470000 1112.970000
483.250000 490.440000 0.040000 5958.310000
474.970000 583.110000 0.160000 5096.070000
520.810000 552.880000 0.100000 4729.100000
598.430000 468.590000 0.350000 5075.770000
515.940000 549.460000 0.050000 4378.020000
487.480000 459.430000 0.300000 6509.740000
393.340000 491.650000 0.300000 7989.870000
459.570000 427.020000 0.220000 6061.750000
603.860000 475.030000 0.280000 4213.040000
526.840000 569.090000 0.360000 5605.400000
459.580000 593.170000 0.040000 4575.580000
515.200000 510.990000 0.200000 4456.120000
533.140000 568.760000 0.310000 2114.340000
450.270000 481.320000 0.330000 1506.440000
528.180000 526.490000 0.050000 1273.120000
465.090000 351.290000 0.310000 3154.980000
498.820000 445.290000 0.160000 4334.180000
