489.570000 437.010000 0.240000 6810.810000
458.910000 586.650000 0.200000 2007.900000
474.180000 526.980000 0.190000 2255.740000
449.030000 452.910000 0.230000 3337.720000
422.260000 461.450000 0.230000 6201.700000
474.590000 434.820000 0.200000 6480.600000
544.050000 572.280000 0.130000 3707.580000
466.600000 556.290000 0.220000 4277.480000
388.020000 485.420000 0.280000 7778.620000
429.460000 447.700000 0.070000 4991.130000
609.390000 493.560000 0.250000 6856.770000
508.590000 521.080000 0.360000 5399.440000
572.170000 520.090000 0.240000 6311.390000
498.460000 453.810000 0.180000 6308.590000
590.030000 558.230000 0.300000 4646.870000
440.110000 374.400000 0.170000 6976.930000
539.390000 498.220000 0.040000 4884.170000
627.710000 450.310000 0.100000 4962.930000
478.970000 567.120000 0.280000 1569.450000
431.700000 527.750000 0.080000 6355.080000
523.870000 545.710000 0.260000 4740.880000
524.850000 503.100000 0.230000 7566.770000
499.740000 497.460000 0.350000 6238.190000
489.270000 471.200000 0.160000 1375.380000
411.380000 532.630000 0.240000 7146.920000
451.790000 493.010000 0.250000 1119.610000
479.650000 349.420000 0.190000 4336.160000
490.620000 528.300000 0.180000 4560.210000
478.620000 529.950000 0.190000 4293.070000
514.780000 494.200000 0.160000 2396.080000
472.590000 387.340000 0.310000 7745.960000
570.120000 465.190000 0.240000 3399.140000
462.180000 528.460000 0.120000 3328.700000
528.290000 485.180000 0.280000 5228.570000
531.580000 419.900000 0.170000 6949.150000
471.160000 431.360000 0.200000 2592.260000
484.900000 517.210000 0.210000 4857.760000
443.230000 472.490000 0.060000 5142.580000
550.300000 489.140000 0.210000 3773.210000
446.160000 435.100000 0.150000 4241.380000
502.100000 472.610000 0.090000 7072.220000
487.510000 429.610000 0.130000 4480.510000
488.150000 572.910000 0.320000 1476.480000
503.540000 513.500000 0.250000 4835.110000
494.760000 505.440000 0.150000 3816.200000
479.000000 539.520000 0.200000 2867.050000
499.780000 424.860000 0.260000 7290.520000
453.740000 471.690000 0.390000 1912.380000
520.060000 466.790000 0.110000 7941.160000
545.090000 488.440000 0.360000 556.050000
484.880000 598.860000 0.160000 5418.140000
439.210000 551.960000 0.230000 7418.690000
514.250000 521.890000 0.330000 5097.150000
584.320000 454.630000 0.220000 4866.140000
546.330000 625.880000 0.280000 7546.060000
523.530000 551.980000 0.140000 6691.400000
507.790000 572.430000 0.330000 7935.820000
500.630000 514.690000 0.330000 5632.620000
418.100000 482.560000 0.280000 3667.530000
467.620000 504.040000 0.180000 5513.140000
485.380000 473.870000 0.190000 4403.810000
445.740000 483.380000 0.210000 1613.730000
533.480000 582.160000 0.360000 5412.020000
485.340000 507.540000 0.120000 7811.040000
513.550000 529.580000 0.150000 959.150000
546.830000 464.860000 0.150000 2226.750000
509.390000 568.440000 0.310000 3604.220000
433.790000 495.710000 0.260000 7828.100000
579.350000 565.160000 0.230000 2059.760000
497.940000 378.590000 0.290000 6651.360000
450.660000 509.490000 0.160000 2449.290000
493.380000 453.990000 0.390000 7665.870000
479.680000 566.370000 0.310000 6953.830000
479.970000 452.010000 0.220000 3700.130000
438.800000 485.130000 0.250000 7506.820000
564.520000 511.510000 0.230000 7452.840000
439.460000 399.990000 0.330000 3462.890000
527.550000 455.810000 0.310000 3756.790000
486.300000 541.670000 0.180000 1226.430000
503.720000 553.890000 0.130000 7265.450000
