712.220000 475.180000 0.230000 2391.690000
509.000000 474.800000 0.290000 2064.780000
645.760000 364.030000 0.160000 4722.730000
401.930000 418.560000 0.040000 6228.410000
461.460000 293.040000 0.170000 4059.030000
674.890000 717.230000 0.260000 3319.770000
464.700000 546.910000 0.050000 711.300000
595.850000 651.820000 0.100000 7372.050000
458.840000 620.020000 0.440000 2226.380000
508.390000 320.260000 0.250000 3664.040000
333.670000 474.450000 0.280000 2780.490000
574.210000 807.700000 0.230000 596.520000
501.150000 393.900000 0.080000 6501.420000
433.110000 613.120000 0.250000 3938.150000
542.090000 376.460000 0.280000 5827.040000
475.820000 515.160000 0.110000 4409.380000
416.020000 435.090000 0.200000 6212.520000
361.780000 223.020000 0.310000 6500.000000
423.880000 473.100000 0.300000 3215.550000
731.370000 486.650000 0.120000 6677.200000
366.080000 483.490000 0.240000 3646.720000
648.130000 659.910000 0.290000 3800.820000
659.700000 158.230000 0.230000 6120.590000
492.540000 590.950000 0.320000 1035.520000
583.310000 527.190000 0.150000 6156.210000
617.450000 524.390000 0.170000 1367.970000
345.440000 640.430000 0.310000 5243.500000
433.720000 286.360000 0.260000 1216.690000
236.760000 406.600000 0.210000 7416.420000
400.400000 296.500000 0.050000 3780.490000
566.840000 424.430000 0.270000 686.140000
469.470000 536.520000 0.040000 7186.310000
448.910000 466.400000 0.290000 1116.840000
135.100000 536.250000 0.220000 7164.210000
530.100000 330.900000 0.170000 1196.160000
342.710000 679.400000 0.010000 3016.640000
378.760000 676.300000 0.290000 6441.540000
453.790000 495.070000 0.280000 3817.810000
430.630000 560.360000 0.150000 6381.490000
593.140000 525.320000 0.210000 4084.050000
485.320000 667.000000 0.130000 2314.890000
526.440000 572.000000 0.290000 1298.900000
386.530000 387.260000 0.190000 3407.450000
544.310000 611.110000 0.130000 2000.180000
492.870000 358.960000 0.510000 3495.510000
381.120000 353.050000 0.080000 5670.160000
385.370000 607.850000 0.160000 4642.280000
257.570000 525.620000 0.220000 5735.260000
339.160000 469.860000 0.260000 3936.450000
604.760000 578.640000 0.050000 2779.050000
595.000000 562.610000 0.040000 6634.130000
561.680000 229.010000 0.410000 7900.280000
553.680000 707.840000 0.150000 2731.180000
744.230000 369.650000 0.130000 1371.840000
590.760000 193.840000 0.160000 1069.470000
505.090000 541.420000 0.250000 4954.500000
695.370000 322.610000 0.160000 2426.090000
579.150000 562.560000 0.090000 2671.440000
594.980000 546.820000 0.100000 7925.360000
653.810000 411.320000 0.150000 4850.960000
393.120000 456.220000 0.210000 3371.740000
738.740000 234.380000 0.190000 2560.560000
504.090000 490.050000 0.220000 2936.180000
470.010000 270.220000 0.150000 5531.090000
295.930000 312.860000 0.130000 2412.280000
407.760000 409.520000 0.280000 5655.980000
569.490000 428.370000 0.180000 6101.880000
424.060000 515.460000 0.100000 1671.680000
709.790000 467.590000 0.200000 2863.240000
589.410000 366.530000 0.310000 4755.790000
402.880000 464.070000 0.090000 3873.340000
553.300000 568.400000 0.160000 1810.860000
318.170000 559.200000 0.360000 3866.640000
548.770000 769.110000 0.350000 6651.580000
456.200000 788.750000 0.180000 6961.400000
628.010000 508.370000 0.250000 5754.600000
576.010000 401.960000 0.130000 6287.020000
499.920000 693.860000 0.290000 2022.400000
423.670000 577.860000 0.230000 2577.400000
396.310000 338.390000 0.190000 2571.820000
