555.900000 495.590000 0.120000 5581.520000
484.360000 472.960000 0.160000 5716.240000
467.450000 482.500000 0.370000 6884.490000
522.230000 458.960000 0.250000 6819.300000
426.830000 544.160000 0.350000 1836.190000
476.610000 443.100000 0.040000 6219.310000
520.290000 580.390000 0.200000 3425.480000
465.460000 475.620000 0.160000 7497.180000
497.890000 501.930000 0.090000 4584.050000
454.610000 486.230000 0.200000 3990.310000
466.070000 490.190000 0.420000 1776.260000
466.450000 505.070000 0.120000 7827.580000
433.870000 566.980000 0.210000 3497.730000
456.710000 502.410000 0.370000 1491.150000
512.130000 438.480000 0.110000 2171.600000
421.720000 572.670000 0.040000 5851.110000
478.730000 523.700000 0.200000 2160.360000
465.490000 451.650000 0.280000 3303.780000
437.070000 478.300000 0.270000 5981.130000
531.880000 479.150000 0.230000 6322.460000
456.430000 508.440000 0.120000 1556.220000
559.120000 471.640000 0.040000 951.500000
563.170000 490.130000 0.180000 7878.920000
554.060000 490.140000 0.050000 6541.480000
502.170000 510.960000 0.030000 6024.940000
466.320000 437.290000 0.020000 3455.280000
456.390000 504.690000 0.340000 7081.130000
471.380000 391.350000 0.280000 7422.060000
479.790000 567.410000 0.050000 4169.610000
495.840000 499.930000 0.170000 3573.240000
577.480000 478.600000 0.280000 7178.220000
534.040000 553.120000 0.170000 3335.710000
468.960000 534.740000 0.170000 3408.230000
533.090000 546.360000 0.270000 4777.350000
504.190000 481.390000 0.090000 3843.670000
514.290000 489.530000 0.020000 7672.480000
563.940000 475.840000 0.010000 7406.660000
479.970000 535.810000 0.150000 2453.170000
416.110000 417.080000 0.190000 759.860000
471.990000 436.670000 0.090000 6511.190000
468.000000 494.110000 0.280000 6429.890000
421.140000 591.590000 0.160000 6780.230000
505.970000 453.260000 0.270000 889.610000
560.160000 528.520000 0.270000 6691.710000
487.200000 600.960000 0.230000 1560.690000
512.440000 591.110000 0.120000 1720.550000
513.330000 473.100000 0.200000 2277.640000
505.900000 449.410000 0.410000 773.000000
590.370000 548.200000 0.310000 7763.940000
447.230000 486.990000 0.110000 2556.610000
498.400000 427.240000 0.250000 5384.000000
547.740000 493.010000 0.080000 6830.790000
538.200000 528.270000 0.170000 2334.160000
519.320000 645.840000 0.390000 7112.790000
433.930000 412.540000 0.270000 2502.740000
398.320000 560.550000 0.190000 6414.170000
513.180000 529.250000 0.020000 1781.800000
441.540000 544.890000 0.300000 1518.990000
544.750000 559.110000 0.320000 1988.350000
597.960000 478.410000 0.140000 1028.840000
473.250000 524.970000 0.310000 3687.250000
536.310000 524.760000 0.340000 7197.680000
571.980000 469.370000 0.190000 7418.620000
443.940000 550.410000 0.280000 6730.650000
441.230000 485.400000 0.140000 2596.170000
441.950000 439.490000 0.200000 1731.720000
488.870000 399.750000 0.190000 5761.300000
576.100000 584.790000 0.020000 6807.920000
492.140000 498.390000 0.050000 3087.630000
573.030000 432.090000 0.250000 7720.370000
508.130000 406.970000 0.300000 6053.020000
454.840000 553.990000 0.470000 7596.140000
465.480000 465.780000 0.090000 6591.760000
551.960000 497.810000 0.150000 7720.800000
402.160000 516.420000 0.090000 6251.640000
450.940000 544.390000 0.150000 4706.690000
475.890000 518.670000 0.210000 7110.640000
505.560000 389.220000 0.060000 5247.260000
543.930000 499.240000 0.280000 5359.720000
512.650000 524.770000 0.370000 5561.280000
434.200000 497.790000 0.070000 2437.780000
410.980000 529.100000 0.390000 1383.490000
506.480000 480.030000 0.360000 3153.510000
604.460000 503.130000 0.270000 5277.020000
516.400000 441.890000 0.000000 7496.220000
504.950000 519.510000 0.110000 6708.310000
482.260000 469.540000 0.180000 4002.800000
549.270000 373.920000 0.200000 3193.720000
497.410000 484.820000 0.310000 7934.800000
432.860000 547.390000 0.250000 661.480000
