564.700000 441.180000 0.130000 5273.310000
342.570000 507.570000 0.100000 7255.430000
475.700000 477.570000 0.290000 4468.330000
433.280000 906.130000 0.160000 3296.410000
436.510000 273.080000 0.260000 3732.800000
477.620000 360.200000 0.370000 5607.610000
474.450000 354.830000 0.090000 5638.150000
672.660000 763.800000 0.090000 3787.030000
597.830000 133.300000 0.130000 1702.020000
202.740000 443.940000 0.150000 4137.670000
331.090000 476.700000 0.260000 3078.190000
556.170000 623.400000 0.260000 2218.240000
585.500000 193.290000 0.290000 4141.410000
703.650000 371.420000 0.160000 5598.460000
474.380000 417.050000 0.230000 6684.230000
375.240000 637.880000 0.230000 6758.980000
347.930000 189.540000 0.040000 4771.550000
821.430000 437.770000 0.490000 1667.610000
487.400000 603.550000 0.220000 7146.390000
648.030000 553.860000 0.140000 3229.720000
618.970000 613.090000 0.260000 2111.550000
537.180000 273.960000 0.050000 6836.940000
458.700000 573.000000 0.380000 3394.430000
441.220000 448.710000 0.190000 5179.280000
502.380000 128.640000 0.320000 7456.930000
443.200000 241.500000 0.180000 2440.570000
541.970000 500.670000 0.320000 5975.210000
409.660000 529.620000 0.320000 611.230000
614.570000 510.160000 0.160000 827.710000
617.180000 503.640000 0.300000 7981.190000
523.840000 434.810000 0.280000 4229.340000
702.470000 685.250000 0.280000 2702.760000
649.360000 521.360000 0.120000 6545.180000
772.780000 386.070000 0.390000 4487.540000
525.800000 590.190000 0.310000 612.170000
501.850000 355.710000 0.250000 4363.450000
331.480000 614.010000 0.120000 7271.360000
245.270000 632.200000 0.230000 5225.190000
449.190000 783.760000 0.120000 5215.730000
364.710000 547.740000 0.320000 7505.800000
341.500000 560.910000 0.320000 6379.470000
581.590000 540.920000 0.290000 5583.060000
564.910000 556.920000 0.140000 2210.030000
136.130000 539.640000 0.140000 7727.540000
419.000000 514.940000 0.190000 3186.440000
466.630000 325.410000 0.370000 3316.010000
479.870000 518.080000 0.240000 3031.380000
660.670000 576.790000 0.320000 3033.060000
685.830000 461.700000 0.040000 7193.820000
642.350000 736.050000 0.250000 2155.490000
359.370000 371.720000 0.150000 3844.320000
700.250000 324.520000 0.260000 7798.050000
751.790000 495.540000 0.350000 6481.240000
655.620000 508.290000 0.220000 2876.320000
575.800000 355.000000 0.110000 3545.070000
464.500000 550.650000 0.270000 4821.410000
569.280000 407.890000 0.160000 4197.640000
402.270000 442.940000 0.060000 5231.890000
436.440000 377.360000 0.460000 5366.550000
487.190000 640.500000 0.110000 3059.650000
543.260000 696.290000 0.150000 1808.660000
602.730000 489.900000 0.330000 2614.530000
653.510000 417.230000 0.130000 2426.450000
625.920000 455.250000 0.020000 917.290000
590.060000 1047.380000 0.270000 4410.510000
437.220000 555.180000 0.150000 2906.480000
448.190000 323.270000 0.150000 3980.690000
543.300000 482.280000 0.200000 3638.490000
405.890000 332.670000 0.260000 7972.730000
394.390000 511.720000 0.190000 6531.480000
543.240000 273.090000 0.370000 6523.570000
449.340000 543.010000 0.140000 1565.370000
625.570000 245.170000 0.150000 6537.270000
620.940000 391.440000 0.200000 7577.390000
257.470000 625.490000 0.130000 2372.830000
600.240000 391.750000 0.150000 4078.050000
314.970000 520.190000 0.110000 5579.740000
602.730000 549.210000 0.300000 1650.150000
477.920000 645.530000 0.100000 3968.080000
418.440000 836.570000 0.180000 999.540000
441.240000 598.710000 0.200000 3425.850000
404.320000 401.780000 0.140000 5251.920000
404.600000 642.410000 0.210000 4812.040000
269.840000 266.370000 0.140000 3510.030000
335.890000 260.290000 0.240000 7488.140000
557.220000 421.700000 0.130000 6727.130000
633.480000 534.410000 0.150000 5852.560000
511.550000 173.180000 0.150000 6805.470000
474.250000 561.670000 0.330000 3504.340000
475.050000 620.060000 0.220000 6496.170000
