554.710000 577.120000 0.380000 1100.390000
552.300000 452.570000 0.210000 4538.940000
530.300000 533.480000 0.180000 2882.650000
479.600000 507.470000 0.280000 2358.700000
610.760000 494.910000 0.260000 3229.660000
437.530000 495.310000 0.240000 2794.480000
560.030000 546.480000 0.280000 4675.610000
512.860000 505.790000 0.220000 1138.590000
537.090000 476.490000 0.190000 2729.210000
439.500000 511.910000 0.240000 2325.740000
497.330000 414.670000 0.080000 2763.570000
571.550000 520.490000 0.210000 1705.780000
417.540000 540.850000 0.010000 1442.310000
583.610000 537.050000 0.130000 4023.390000
498.510000 532.200000 0.230000 1591.140000
518.400000 552.820000 0.230000 5233.660000
581.970000 547.750000 0.200000 3220.380000
449.280000 507.510000 0.070000 2656.940000
546.970000 493.750000 0.440000 3348.040000
475.940000 492.930000 0.080000 2356.530000
517.330000 490.740000 0.230000 2844.220000
520.510000 478.940000 0.300000 3870.370000
440.430000 502.590000 0.100000 3264.790000
427.430000 492.840000 0.070000 1730.570000
471.200000 650.130000 0.210000 3638.360000
664.860000 452.670000 0.470000 4718.670000
438.340000 404.750000 0.190000 2735.280000
459.220000 453.870000 0.090000 4221.810000
415.320000 531.930000 0.280000 2716.520000
482.320000 596.120000 0.230000 1991.760000
462.810000 579.600000 0.190000 3386.960000
459.580000 459.480000 0.240000 2979.480000
434.030000 473.570000 0.110000 3413.730000
521.570000 463.490000 0.150000 3421.620000
513.810000 469.580000 0.070000 3615.000000
525.270000 437.030000 0.270000 3306.270000
499.240000 466.160000 0.020000 3751.680000
561.930000 535.390000 0.170000 3639.220000
503.850000 477.680000 0.100000 4736.090000
571.510000 495.370000 0.140000 2961.160000
462.870000 461.940000 0.040000 4353.380000
537.570000 471.660000 0.310000 1288.250000
437.250000 518.900000 0.200000 1814.090000
508.270000 634.340000 0.200000 2585.220000
445.310000 452.070000 0.110000 3845.100000
504.270000 524.640000 0.180000 3209.810000
576.140000 653.000000 0.410000 2614.810000
493.190000 503.470000 0.180000 1803.210000
495.190000 474.980000 0.110000 2717.550000
435.680000 523.080000 0.150000 2254.920000
526.100000 451.010000 0.110000 2638.580000
509.720000 596.360000 0.340000 4026.400000
499.250000 527.070000 0.250000 2954.700000
491.300000 478.230000 0.010000 2839.160000
455.830000 519.690000 0.180000 1742.520000
506.080000 505.470000 0.080000 3059.260000
437.360000 501.170000 0.100000 3348.480000
487.020000 434.450000 0.200000 2011.730000
466.320000 506.000000 0.390000 2304.920000
521.400000 469.460000 0.430000 1690.390000
416.830000 523.540000 0.170000 3635.060000
447.980000 495.570000 0.300000 3659.160000
391.770000 483.130000 0.320000 3073.850000
570.720000 539.350000 0.310000 4322.860000
490.860000 413.570000 0.190000 3180.940000
420.520000 430.600000 0.080000 3293.100000
517.420000 517.690000 0.340000 2420.060000
527.490000 532.060000 0.200000 2132.840000
421.650000 613.650000 0.190000 1912.040000
462.790000 426.050000 0.260000 2973.730000
