536.500000 536.970000 0.280000 2539.350000
553.920000 555.430000 0.270000 1444.770000
557.160000 531.390000 0.250000 3212.100000
519.420000 546.760000 0.150000 3052.490000
446.670000 499.660000 0.010000 2651.130000
477.980000 495.220000 0.360000 2555.810000
508.290000 520.380000 0.220000 3066.510000
513.970000 470.050000 0.160000 3282.760000
491.470000 494.610000 0.290000 2281.290000
530.840000 538.030000 0.160000 2650.650000
530.950000 510.440000 0.220000 2237.050000
447.940000 577.040000 0.200000 3071.610000
495.150000 498.040000 0.110000 2277.890000
575.020000 477.880000 0.340000 2666.070000
467.310000 490.430000 0.210000 3086.290000
561.410000 559.920000 0.170000 2903.440000
481.080000 517.880000 0.100000 4055.470000
524.150000 479.520000 0.310000 1242.580000
500.870000 494.770000 0.040000 2097.350000
521.030000 539.500000 0.260000 2441.180000
660.490000 445.110000 0.110000 2929.790000
445.200000 468.540000 0.210000 3739.490000
413.250000 539.590000 0.210000 1464.110000
483.810000 518.980000 0.290000 3583.750000
511.950000 467.010000 0.260000 4459.840000
470.710000 512.900000 0.020000 2391.690000
554.370000 531.970000 0.220000 3925.490000
530.090000 552.420000 0.170000 3410.970000
572.520000 557.750000 0.360000 2542.420000
525.250000 476.610000 0.270000 2501.550000
513.320000 406.780000 0.270000 2102.630000
484.800000 481.160000 0.200000 3717.830000
555.790000 414.340000 0.280000 4033.910000
494.170000 424.670000 0.090000 3932.270000
614.170000 431.900000 0.110000 1367.160000
565.430000 480.450000 0.280000 2693.040000
475.970000 538.630000 0.140000 2272.310000
477.780000 506.100000 0.180000 3736.060000
566.990000 510.620000 0.100000 3649.920000
651.250000 403.810000 0.260000 4034.360000
474.540000 491.980000 0.270000 4112.670000
470.160000 467.180000 0.300000 3551.080000
485.050000 475.510000 0.490000 1535.560000
515.460000 501.460000 0.210000 3898.990000
452.570000 430.450000 0.220000 3428.220000
519.030000 434.450000 0.170000 1503.180000
507.840000 483.320000 0.120000 2108.690000
458.970000 571.530000 0.180000 3589.440000
555.100000 419.150000 0.150000 3844.870000
486.640000 491.000000 0.100000 3340.500000
521.570000 624.710000 0.090000 3744.710000
575.330000 508.320000 0.460000 2164.670000
499.080000 481.870000 0.080000 3687.220000
468.660000 549.680000 0.350000 4168.900000
430.330000 533.560000 0.030000 2557.870000
476.560000 504.830000 0.370000 1219.010000
503.150000 454.730000 0.400000 2731.700000
542.900000 493.940000 0.360000 4259.220000
552.320000 458.060000 0.200000 2130.280000
503.700000 572.500000 0.290000 1388.120000
477.960000 520.010000 0.040000 2907.160000
532.950000 476.870000 0.360000 3431.630000
527.300000 390.090000 0.310000 1701.090000
525.280000 525.210000 0.240000 2983.410000
469.670000 613.480000 0.280000 3226.690000
451.460000 558.450000 0.310000 1867.560000
480.810000 499.630000 0.220000 2428.480000
487.530000 524.850000 0.400000 1589.800000
466.760000 486.780000 0.130000 3000.590000
480.290000 497.010000 0.160000 3425.250000
498.060000 500.320000 0.150000 3328.540000
455.190000 539.590000 0.150000 2789.680000
507.890000 533.890000 0.190000 2537.120000
502.020000 379.540000 0.170000 2171.440000
502.660000 567.480000 0.140000 2121.460000
575.660000 580.230000 0.080000 651.660000
549.560000 465.090000 0.150000 1888.450000
498.560000 540.070000 0.010000 2576.020000
540.000000 508.420000 0.290000 4944.540000
495.750000 485.380000 0.280000 3992.010000
436.920000 507.940000 0.300000 1615.050000
462.350000 488.260000 0.170000 1731.830000
498.930000 457.040000 0.160000 2207.940000
463.470000 357.060000 0.260000 2501.250000
500.010000 466.820000 0.060000 3261.720000
616.330000 495.020000 0.470000 3747.760000
547.390000 449.010000 0.160000 5383.320000
573.520000 542.940000 0.140000 2707.100000
464.930000 416.050000 0.100000 2176.040000
549.010000 548.330000 0.130000 2592.350000
