562.690000 501.930000 0.070000 2382.720000
502.650000 518.870000 0.250000 3635.360000
453.770000 493.230000 0.280000 4361.410000
575.480000 459.310000 0.210000 2286.780000
488.510000 507.750000 0.150000 2805.500000
501.510000 453.840000 0.260000 2652.030000
357.740000 526.930000 0.140000 1834.440000
523.170000 475.660000 0.130000 1819.070000
488.600000 451.270000 0.220000 2483.130000
473.650000 568.400000 0.110000 1772.090000
475.850000 467.730000 0.130000 2504.230000
510.640000 501.760000 0.400000 3194.870000
538.810000 488.300000 0.200000 3266.200000
455.030000 511.130000 0.150000 2798.020000
500.340000 525.280000 0.330000 2635.600000
510.930000 523.460000 0.220000 2239.370000
468.180000 388.250000 0.170000 1511.080000
478.620000 484.010000 0.420000 3659.590000
468.310000 497.330000 0.300000 1486.840000
448.760000 547.690000 0.160000 4734.710000
504.320000 450.280000 0.280000 1982.300000
494.760000 466.180000 0.240000 4091.560000
457.070000 397.010000 0.130000 2866.720000
398.270000 449.180000 0.310000 3325.700000
394.710000 510.080000 0.210000 3795.010000
486.990000 508.220000 0.100000 2479.000000
459.500000 471.200000 0.090000 3608.940000
414.810000 552.810000 0.120000 2663.320000
520.990000 583.780000 0.260000 3995.090000
500.050000 620.600000 0.170000 4369.190000
