466.200000 520.120000 0.110000 3589.080000
448.650000 449.240000 0.160000 2128.500000
468.690000 560.550000 0.030000 4560.610000
495.620000 552.210000 0.040000 3773.860000
458.190000 411.690000 0.200000 3958.970000
555.970000 376.850000 0.060000 2166.570000
438.680000 555.620000 0.070000 3212.780000
540.360000 592.890000 0.130000 2379.490000
522.520000 527.610000 0.290000 3414.690000
519.220000 368.000000 0.340000 3467.100000
462.430000 551.560000 0.100000 2813.390000
528.070000 489.080000 0.220000 4279.480000
490.610000 557.170000 0.130000 2180.320000
471.590000 539.010000 0.180000 2993.800000
455.300000 531.630000 0.250000 2910.760000
584.670000 606.010000 0.360000 1763.510000
508.690000 508.910000 0.060000 4636.070000
490.040000 510.890000 0.350000 3239.020000
559.240000 422.870000 0.250000 2929.360000
454.280000 539.310000 0.320000 3307.500000
455.420000 395.630000 0.270000 3086.770000
494.790000 513.110000 0.110000 1494.570000
499.360000 578.390000 0.010000 2520.390000
499.290000 424.850000 0.240000 2662.090000
472.360000 555.230000 0.160000 3443.400000
471.810000 519.000000 0.150000 5142.410000
470.280000 536.760000 0.220000 1961.400000
432.440000 446.330000 0.230000 3201.200000
503.230000 585.180000 0.250000 2668.010000
443.960000 488.100000 0.050000 3862.740000
480.740000 386.960000 0.380000 2566.270000
428.300000 512.350000 0.330000 2840.430000
485.720000 495.560000 0.230000 4857.430000
455.380000 428.040000 0.160000 3050.080000
460.050000 413.130000 0.080000 957.580000
432.500000 509.080000 0.050000 4645.480000
503.180000 486.420000 0.280000 2959.450000
495.800000 531.730000 0.180000 4576.330000
518.680000 525.200000 0.330000 4759.660000
611.330000 496.530000 0.140000 2908.010000
481.030000 402.380000 0.200000 2382.790000
461.570000 460.270000 0.160000 3655.130000
486.250000 506.950000 0.250000 1908.630000
469.120000 487.530000 0.340000 3758.510000
481.270000 443.430000 0.310000 2378.720000
534.060000 469.430000 0.090000 1503.280000
536.600000 524.770000 0.110000 1640.320000
479.600000 473.450000 0.090000 2156.790000
573.190000 459.270000 0.210000 2820.730000
526.660000 582.350000 0.230000 2967.500000
474.650000 417.510000 0.230000 1412.380000
456.630000 517.090000 0.290000 3183.660000
573.260000 385.170000 0.270000 2421.170000
519.110000 497.440000 0.220000 1944.470000
406.810000 476.670000 0.210000 2302.120000
419.820000 509.040000 0.110000 2626.330000
527.700000 514.010000 0.370000 1303.790000
529.120000 495.350000 0.130000 3408.240000
492.830000 454.950000 0.060000 2527.440000
480.150000 554.030000 0.170000 3221.800000
391.180000 475.830000 0.030000 2481.620000
544.270000 494.060000 0.320000 4458.340000
447.830000 510.480000 0.270000 1073.790000
493.750000 525.480000 0.270000 3279.880000
431.270000 529.550000 0.300000 1686.710000
427.420000 444.670000 0.220000 1403.870000
483.440000 480.180000 0.100000 3201.140000
433.780000 532.070000 0.220000 2743.910000
452.780000 576.400000 0.340000 1661.370000
489.490000 484.110000 0.150000 2537.630000
525.920000 500.190000 0.210000 3569.600000
411.800000 458.970000 0.200000 3456.540000
520.210000 432.390000 0.130000 2857.120000
528.390000 530.070000 0.130000 2726.790000
582.020000 468.570000 0.130000 3559.430000
470.680000 525.980000 0.170000 1896.100000
481.100000 547.010000 0.070000 2242.790000
513.330000 482.880000 0.350000 2838.600000
630.010000 466.950000 0.250000 3424.040000
591.940000 548.090000 0.250000 2909.020000
