538.790000 501.000000 0.340000 2266.870000
518.840000 516.410000 0.240000 1463.120000
496.810000 515.490000 0.280000 3628.820000
565.120000 508.830000 0.170000 2052.310000
525.430000 485.910000 0.240000 2119.860000
393.400000 504.930000 0.190000 3080.310000
518.010000 444.390000 0.190000 3188.460000
450.860000 504.780000 0.030000 2510.700000
433.330000 522.410000 0.090000 2205.390000
457.500000 448.650000 0.110000 2426.040000
464.510000 436.210000 0.170000 1942.220000
561.520000 486.330000 0.150000 2688.970000
478.790000 613.980000 0.310000 1932.920000
658.690000 450.050000 0.330000 3014.330000
487.340000 534.680000 0.210000 1923.020000
488.190000 482.820000 0.100000 3627.000000
517.410000 525.100000 0.040000 2431.810000
558.590000 517.730000 0.030000 2779.940000
504.510000 539.810000 0.220000 4605.280000
470.830000 474.820000 0.180000 2134.660000
