451.230000 585.800000 0.180000 2999.950000
520.440000 447.910000 0.220000 3234.440000
464.820000 496.430000 0.090000 1884.850000
523.020000 601.010000 0.220000 3686.390000
665.370000 811.400000 0.230000 2227.720000
657.010000 416.560000 0.110000 1789.570000
563.310000 561.780000 0.280000 2661.430000
441.080000 621.480000 0.260000 3573.880000
588.130000 393.670000 0.250000 2611.930000
688.770000 252.370000 0.260000 2612.670000
512.130000 523.260000 0.290000 2416.940000
465.750000 627.010000 0.220000 4030.410000
740.800000 478.690000 0.170000 1939.150000
488.840000 489.940000 0.460000 1731.380000
379.760000 499.520000 0.310000 3186.430000
494.500000 533.740000 0.270000 2206.300000
513.740000 456.770000 0.340000 1324.840000
470.240000 356.310000 0.140000 3642.180000
424.790000 514.820000 0.280000 2453.530000
569.630000 484.200000 0.010000 4880.830000
