576.400000 402.350000 0.200000 2415.120000
498.050000 528.180000 0.340000 4362.770000
687.980000 523.990000 0.140000 3394.750000
593.260000 466.900000 0.260000 3122.630000
518.970000 650.920000 0.330000 2179.140000
404.240000 500.030000 0.180000 892.990000
536.120000 580.280000 0.190000 1643.210000
523.550000 563.180000 0.140000 3264.610000
143.830000 406.680000 0.150000 2723.590000
405.140000 593.850000 0.140000 1487.840000
392.440000 470.000000 0.340000 1121.430000
564.960000 705.840000 0.220000 2244.480000
575.830000 335.790000 0.210000 713.210000
675.180000 365.220000 0.300000 3809.770000
452.330000 427.420000 0.080000 1877.640000
394.380000 321.010000 0.370000 1796.920000
662.590000 558.170000 0.150000 4807.030000
557.420000 440.490000 0.080000 3771.250000
570.190000 544.170000 0.330000 3781.350000
406.190000 549.470000 0.140000 1883.300000
460.720000 532.340000 0.220000 3833.810000
581.810000 567.200000 0.120000 2893.720000
459.230000 345.860000 0.170000 4186.310000
408.640000 567.240000 0.320000 3137.540000
636.170000 594.900000 0.170000 3120.640000
479.670000 599.220000 0.160000 2844.960000
316.740000 455.330000 0.100000 2731.410000
415.320000 315.650000 0.050000 3462.610000
331.270000 464.430000 0.190000 3349.780000
527.330000 481.110000 0.140000 2144.080000
662.790000 611.560000 0.310000 2859.720000
362.150000 638.930000 0.260000 4153.070000
575.190000 533.250000 0.130000 3906.560000
400.000000 419.360000 0.250000 3305.650000
391.520000 411.650000 0.100000 1868.840000
576.130000 537.050000 0.340000 4454.980000
494.500000 393.100000 0.310000 2584.900000
561.120000 494.240000 0.360000 3060.930000
426.840000 443.480000 0.120000 2282.370000
249.170000 454.010000 0.170000 2150.940000
574.240000 433.670000 0.120000 1875.600000
545.210000 462.980000 0.150000 2381.870000
329.160000 467.500000 0.170000 729.170000
455.210000 449.010000 0.260000 3247.220000
534.140000 526.070000 0.270000 2289.040000
348.460000 516.990000 0.220000 3140.720000
491.430000 504.880000 0.340000 1675.200000
361.350000 311.630000 0.040000 4486.010000
516.720000 447.760000 0.280000 3279.580000
529.360000 520.270000 0.220000 2959.400000
633.760000 333.340000 0.330000 3540.760000
536.990000 496.470000 0.290000 3739.020000
356.860000 510.210000 0.070000 3161.750000
434.890000 565.720000 0.150000 2345.110000
486.550000 307.970000 0.100000 4659.270000
449.090000 629.630000 0.340000 1383.350000
537.630000 459.330000 0.100000 700.720000
637.450000 320.310000 0.190000 3671.700000
563.350000 635.510000 0.180000 2509.400000
353.720000 551.580000 0.010000 2908.780000
306.730000 472.920000 0.220000 3599.370000
505.430000 578.120000 0.110000 4668.450000
693.130000 486.350000 0.330000 4056.170000
671.720000 332.870000 0.190000 4158.580000
439.620000 464.020000 0.130000 1487.870000
390.990000 489.990000 0.220000 2311.260000
390.500000 457.550000 0.060000 1981.360000
530.660000 443.040000 0.160000 3556.810000
426.070000 405.870000 0.220000 3020.610000
502.880000 638.480000 0.080000 2270.070000
507.410000 628.940000 0.040000 1744.230000
536.410000 334.800000 0.360000 3009.450000
411.750000 392.330000 0.130000 3794.620000
631.780000 587.130000 0.230000 2239.420000
391.340000 334.720000 0.270000 2728.490000
401.920000 215.030000 0.130000 2377.570000
553.300000 371.180000 0.240000 3478.080000
572.840000 396.760000 0.130000 2360.910000
436.530000 537.640000 0.260000 3259.560000
487.380000 571.590000 0.240000 2576.290000
