556.360000 414.650000 0.310000 2973.420000
603.160000 544.410000 0.300000 3652.470000
461.460000 739.320000 0.480000 2322.310000
598.570000 502.900000 0.180000 3107.120000
511.950000 375.800000 0.240000 2339.220000
687.850000 408.130000 0.390000 2317.800000
481.830000 405.450000 0.190000 2754.400000
452.160000 454.750000 0.190000 2135.920000
390.550000 570.600000 0.190000 3595.610000
362.630000 565.050000 0.140000 2685.070000
499.110000 433.220000 0.110000 3625.130000
459.430000 371.900000 0.060000 3287.640000
491.280000 621.100000 0.150000 1393.770000
482.630000 363.210000 0.130000 2594.880000
566.860000 216.740000 0.080000 3262.860000
320.330000 510.350000 0.200000 2918.490000
442.390000 432.370000 0.090000 2603.800000
581.180000 455.670000 0.100000 4359.310000
479.800000 471.050000 0.210000 4446.300000
639.760000 501.510000 0.040000 5304.950000
459.650000 475.020000 0.160000 2483.520000
431.540000 703.110000 0.130000 2991.650000
526.460000 448.340000 0.310000 3075.920000
522.330000 659.990000 0.070000 1845.960000
620.860000 750.120000 0.230000 4341.020000
503.460000 577.380000 0.200000 3674.410000
614.350000 565.590000 0.270000 2810.620000
555.910000 598.220000 0.140000 4104.320000
482.020000 349.180000 0.330000 5621.300000
477.520000 555.340000 0.110000 3745.330000
540.690000 503.290000 0.340000 3356.460000
509.060000 581.180000 0.340000 4370.830000
673.410000 526.660000 0.300000 1556.590000
472.270000 440.330000 0.160000 2608.870000
509.440000 436.350000 0.310000 4069.990000
407.850000 537.830000 0.350000 3193.730000
396.740000 571.540000 0.310000 2538.930000
525.020000 512.130000 0.270000 3815.560000
416.500000 354.490000 0.070000 3591.840000
586.700000 568.450000 0.130000 2224.250000
649.120000 592.210000 0.070000 1242.920000
617.830000 408.350000 0.300000 2011.540000
524.710000 493.130000 0.310000 3496.160000
286.930000 485.420000 0.130000 1882.390000
482.550000 541.530000 0.240000 2237.590000
501.070000 416.080000 0.210000 2599.040000
501.530000 351.820000 0.270000 4508.490000
533.580000 528.970000 0.200000 2590.190000
623.480000 371.730000 0.180000 2035.360000
617.470000 522.280000 0.250000 3417.320000
418.910000 665.580000 0.060000 3172.650000
552.470000 408.210000 0.260000 2403.410000
580.680000 653.640000 0.150000 4571.000000
459.640000 495.480000 0.310000 2655.430000
509.430000 426.460000 0.170000 2899.880000
485.260000 389.680000 0.240000 2052.540000
540.480000 563.040000 0.360000 2873.120000
425.230000 436.830000 0.240000 1168.500000
464.670000 575.160000 0.010000 3199.820000
536.290000 534.410000 0.170000 4357.760000
485.440000 470.250000 0.230000 3044.700000
581.310000 438.030000 0.350000 3046.950000
692.410000 325.140000 0.160000 5611.070000
342.650000 532.800000 0.170000 3898.310000
519.690000 663.240000 0.140000 3284.720000
596.890000 350.980000 0.280000 3789.920000
500.000000 443.820000 0.130000 3013.860000
531.700000 416.400000 0.120000 3350.760000
380.110000 456.750000 0.270000 1337.210000
782.090000 599.570000 0.160000 2416.240000
724.790000 544.350000 0.130000 2876.650000
434.670000 849.610000 0.180000 3791.640000
664.050000 503.240000 0.230000 3241.050000
455.370000 409.950000 0.170000 3992.570000
484.270000 571.680000 0.200000 2310.620000
611.620000 341.050000 0.100000 3471.980000
520.290000 593.630000 0.210000 2749.160000
606.410000 607.400000 0.090000 2693.240000
522.390000 562.040000 0.390000 2734.410000
576.780000 483.440000 0.210000 1682.870000
527.400000 626.090000 0.260000 2122.270000
425.620000 377.230000 0.030000 3813.740000
669.460000 422.860000 0.070000 2795.170000
574.900000 444.050000 0.300000 3791.040000
445.080000 531.760000 0.080000 3532.630000
363.850000 424.860000 0.230000 2325.920000
462.390000 633.790000 0.200000 4233.240000
517.720000 478.070000 0.110000 1991.220000
507.090000 503.880000 0.250000 1610.470000
392.530000 342.190000 0.320000 2501.320000
