485.070000 376.970000 0.170000 2484.620000
353.280000 385.270000 0.010000 3210.990000
525.430000 457.000000 0.290000 2470.400000
524.530000 655.310000 0.210000 4319.070000
515.510000 358.230000 0.130000 2526.590000
492.290000 385.840000 0.300000 4242.730000
432.980000 599.310000 0.300000 3630.780000
356.370000 437.430000 0.070000 2379.860000
643.530000 383.330000 0.210000 5055.570000
434.220000 486.960000 0.020000 2958.230000
446.360000 442.890000 0.340000 2699.870000
515.840000 379.530000 0.350000 3226.190000
477.290000 635.570000 0.130000 3250.720000
579.490000 579.840000 0.340000 3334.870000
446.700000 404.200000 0.200000 2522.980000
616.220000 475.730000 0.130000 3220.630000
566.150000 531.400000 0.330000 2433.580000
430.440000 541.170000 0.460000 3757.170000
545.550000 495.760000 0.280000 2402.940000
523.100000 593.130000 0.020000 3419.180000
505.310000 576.610000 0.130000 2210.140000
439.640000 544.770000 0.200000 2985.780000
835.030000 371.770000 0.150000 3484.900000
529.880000 455.210000 0.390000 2820.920000
585.150000 345.150000 0.010000 2723.200000
436.510000 689.950000 0.160000 1850.420000
514.840000 463.410000 0.320000 3562.190000
696.100000 495.950000 0.210000 4323.850000
385.540000 598.290000 0.340000 2363.470000
449.210000 562.540000 0.090000 1689.780000
589.150000 494.870000 0.210000 2616.010000
545.420000 469.030000 0.270000 1318.290000
649.930000 671.470000 0.260000 2874.660000
603.520000 530.830000 0.180000 2197.700000
586.280000 508.700000 0.240000 3202.160000
378.970000 644.310000 0.210000 1195.630000
580.800000 520.600000 0.260000 5112.840000
537.000000 468.910000 0.200000 1927.600000
646.270000 691.960000 0.250000 3209.720000
439.700000 415.430000 0.320000 2915.770000
631.430000 641.090000 0.240000 2510.870000
505.550000 544.300000 0.220000 3218.730000
621.490000 539.700000 0.330000 1364.100000
436.560000 472.470000 0.170000 3084.840000
546.490000 302.420000 0.280000 743.020000
655.290000 417.340000 0.350000 3138.330000
471.110000 521.510000 0.200000 3711.590000
424.120000 407.400000 0.200000 2702.520000
496.140000 458.780000 0.180000 2083.150000
549.880000 483.110000 0.110000 4301.900000
546.030000 516.780000 0.210000 3459.120000
364.260000 512.490000 0.230000 1825.480000
526.810000 467.810000 0.280000 1683.590000
567.920000 502.090000 0.250000 2742.580000
493.620000 604.860000 0.030000 1957.170000
373.570000 534.250000 0.230000 2577.000000
474.500000 583.350000 0.140000 3718.990000
530.490000 660.450000 0.180000 3388.360000
398.720000 396.410000 0.120000 2858.410000
609.630000 524.730000 0.320000 4244.280000
583.350000 417.060000 0.100000 3580.270000
658.510000 352.710000 0.220000 5102.440000
700.620000 534.860000 0.020000 5007.780000
530.490000 633.270000 0.140000 3364.190000
433.050000 321.760000 0.330000 2955.120000
574.460000 459.080000 0.240000 2780.870000
469.180000 707.260000 0.230000 4073.610000
653.690000 514.350000 0.170000 4814.370000
499.070000 355.370000 0.190000 3091.620000
559.510000 722.070000 0.110000 4326.690000
