366.800000 462.910000 0.240000 1866.080000
408.790000 706.140000 0.160000 5407.040000
591.880000 499.760000 0.150000 3920.290000
514.590000 560.940000 0.420000 3150.430000
520.090000 446.460000 0.280000 1917.840000
596.720000 481.570000 0.180000 4149.550000
561.560000 414.590000 0.170000 3716.210000
570.120000 313.280000 0.170000 3014.390000
457.880000 666.270000 0.020000 4103.110000
515.280000 486.180000 0.200000 4911.430000
420.830000 373.020000 0.250000 3476.010000
513.960000 526.270000 0.300000 3209.810000
556.370000 652.480000 0.120000 3843.850000
521.280000 392.590000 0.200000 3191.040000
554.990000 582.290000 0.200000 4960.210000
473.780000 427.030000 0.210000 2292.660000
695.940000 410.910000 0.120000 4890.240000
621.890000 444.970000 0.290000 3077.590000
579.010000 492.090000 0.260000 3333.400000
408.480000 560.650000 0.140000 4215.480000
478.730000 569.910000 0.200000 2344.140000
537.710000 394.650000 0.170000 1671.640000
600.500000 676.300000 0.250000 2814.310000
459.080000 606.100000 0.090000 2667.380000
517.590000 378.490000 0.350000 3475.600000
387.010000 509.200000 0.300000 4015.250000
500.260000 370.670000 0.350000 4737.550000
444.710000 350.650000 0.210000 2943.040000
548.230000 393.580000 0.240000 3316.020000
610.160000 591.670000 0.080000 3306.080000
