580.780000 383.440000 0.040000 2824.320000
367.280000 683.630000 0.180000 3091.350000
698.410000 545.620000 0.180000 2813.280000
572.370000 499.100000 0.200000 3521.370000
587.600000 341.860000 0.220000 3395.770000
547.360000 704.610000 0.090000 2136.690000
505.760000 625.360000 0.050000 3107.760000
386.000000 611.890000 0.460000 1809.200000
710.510000 339.160000 0.050000 4051.100000
567.930000 743.520000 0.060000 3072.880000
603.240000 460.110000 0.340000 3062.810000
345.810000 481.500000 0.230000 3051.270000
656.060000 596.980000 0.120000 3094.300000
276.400000 566.200000 0.230000 3476.710000
674.860000 534.770000 0.320000 3517.920000
407.910000 531.540000 0.210000 3645.900000
708.310000 600.600000 0.230000 4728.870000
484.000000 467.680000 0.220000 2625.590000
455.180000 648.460000 0.320000 3991.060000
425.310000 578.840000 0.330000 2261.210000
421.310000 573.850000 0.260000 1019.070000
654.760000 513.050000 0.170000 4137.750000
373.340000 347.470000 0.220000 3723.710000
588.120000 349.120000 0.270000 4208.980000
597.760000 572.080000 0.180000 3978.920000
358.070000 495.210000 0.230000 2961.600000
569.630000 352.650000 0.070000 5063.890000
380.990000 590.990000 0.050000 5661.580000
462.150000 594.610000 0.250000 2790.770000
453.620000 405.520000 0.270000 2527.690000
450.380000 616.100000 0.280000 3983.990000
543.920000 552.790000 0.150000 7817.350000
501.650000 632.510000 0.070000 2128.780000
444.830000 623.790000 0.220000 3645.610000
347.290000 515.780000 0.170000 3378.540000
377.330000 328.520000 0.170000 3178.210000
385.670000 610.600000 0.260000 3418.290000
369.290000 489.410000 0.060000 3877.620000
517.380000 384.130000 0.160000 2508.810000
381.750000 456.790000 0.310000 4337.680000
