677.990000 321.640000 0.310000 3408.280000
241.260000 449.840000 0.150000 4068.460000
289.970000 317.750000 0.130000 3274.390000
753.010000 729.060000 0.460000 5778.970000
523.540000 394.490000 0.390000 969.580000
387.290000 506.400000 0.350000 1919.740000
329.680000 490.200000 0.050000 2774.900000
735.200000 724.800000 0.280000 2024.030000
418.260000 339.300000 0.300000 3342.830000
515.250000 526.540000 0.150000 2588.230000
761.110000 406.230000 0.250000 2423.690000
529.490000 514.340000 0.250000 1744.920000
410.370000 525.170000 0.200000 2350.600000
997.280000 377.800000 0.250000 3295.230000
819.260000 597.660000 0.100000 2242.740000
321.330000 631.230000 0.270000 2965.700000
402.220000 505.110000 0.060000 5424.080000
651.140000 513.690000 0.170000 2864.110000
395.210000 670.250000 0.110000 3268.180000
580.380000 509.070000 0.310000 3427.940000
553.160000 410.270000 0.170000 1919.950000
457.600000 613.930000 0.190000 1486.320000
320.930000 208.980000 0.050000 2724.450000
546.140000 552.720000 0.210000 3649.570000
565.320000 578.330000 0.160000 2088.990000
434.710000 511.490000 0.060000 3617.510000
89.210000 557.130000 0.250000 2016.280000
596.100000 585.980000 0.170000 2889.070000
678.630000 643.940000 0.190000 3679.740000
476.690000 417.730000 0.290000 2485.580000
