514.990000 412.790000 0.100000 2951.430000
680.240000 720.430000 0.240000 1543.630000
732.150000 631.650000 0.150000 2189.730000
692.000000 375.160000 0.130000 4361.560000
447.260000 514.420000 0.200000 4572.790000
390.560000 308.380000 0.190000 1368.010000
69.880000 300.270000 0.020000 3854.630000
501.490000 344.880000 0.100000 3234.170000
525.900000 299.840000 0.310000 1490.370000
665.310000 532.810000 0.270000 2303.310000
519.740000 304.940000 0.020000 2393.920000
532.580000 613.360000 0.150000 1455.460000
635.890000 655.970000 0.110000 3314.860000
453.760000 473.230000 0.100000 1481.780000
650.780000 606.790000 0.120000 4267.200000
695.780000 390.260000 0.110000 2317.290000
558.420000 341.910000 0.070000 3435.940000
706.580000 568.200000 0.200000 5518.610000
496.640000 589.530000 0.220000 4207.960000
461.700000 476.730000 0.280000 2615.440000
543.340000 571.060000 0.340000 3251.450000
150.850000 614.460000 0.180000 3177.430000
444.400000 468.080000 0.290000 615.640000
523.270000 886.110000 0.100000 2710.000000
682.990000 513.570000 0.300000 3225.100000
477.180000 584.060000 0.220000 2691.110000
481.310000 413.690000 0.110000 3614.210000
485.120000 231.730000 0.200000 2931.600000
331.410000 340.560000 0.110000 4287.010000
307.270000 533.100000 0.220000 3204.000000
337.800000 621.690000 0.330000 2347.180000
408.860000 524.330000 0.190000 2812.270000
501.310000 388.620000 0.060000 3632.030000
649.660000 339.560000 0.150000 2073.270000
400.960000 323.590000 0.030000 1353.700000
322.020000 799.350000 0.040000 2903.130000
733.380000 862.740000 0.210000 3179.560000
525.770000 631.030000 0.450000 1954.640000
476.660000 691.140000 0.080000 3656.650000
257.510000 696.570000 0.170000 2333.450000
512.850000 497.790000 0.050000 2750.480000
706.020000 435.410000 0.170000 4274.110000
393.690000 381.810000 0.160000 2093.510000
557.910000 349.290000 0.250000 1964.760000
560.030000 340.350000 0.220000 3232.640000
575.190000 325.980000 0.060000 3321.310000
582.780000 328.520000 0.160000 3583.360000
582.010000 466.980000 0.140000 2751.990000
517.440000 454.260000 0.100000 1828.780000
282.610000 603.370000 0.230000 3300.740000
518.390000 394.910000 0.440000 2279.930000
466.240000 500.630000 0.090000 2090.390000
695.180000 523.300000 0.290000 3072.860000
593.770000 437.300000 0.200000 3039.750000
311.730000 627.830000 0.230000 2688.540000
617.250000 571.190000 0.350000 3099.370000
540.680000 534.440000 0.130000 1837.120000
458.730000 430.030000 0.220000 1772.960000
354.960000 723.450000 0.170000 4140.980000
450.780000 385.070000 0.240000 2000.350000
599.760000 525.260000 0.310000 4106.410000
648.640000 707.590000 0.310000 2705.160000
526.250000 465.390000 0.300000 2976.700000
419.440000 428.370000 0.190000 1663.530000
110.530000 418.760000 0.240000 2698.350000
543.830000 668.860000 0.300000 2511.700000
359.720000 394.110000 0.340000 2542.730000
403.400000 243.040000 0.170000 3404.300000
563.850000 415.010000 0.170000 3167.820000
429.510000 529.620000 0.300000 2412.290000
756.500000 564.460000 0.170000 2066.300000
497.560000 362.480000 0.250000 2095.930000
296.720000 656.800000 0.170000 2644.460000
690.520000 618.250000 0.320000 3060.220000
485.660000 344.400000 0.280000 1681.480000
710.680000 319.870000 0.360000 2180.470000
640.070000 572.910000 0.240000 3486.060000
425.960000 520.530000 0.170000 4681.980000
518.660000 488.820000 0.190000 3314.010000
458.340000 551.750000 0.270000 4652.630000
