462.530000 443.280000 0.330000 2399.010000
796.420000 681.800000 0.110000 2508.690000
511.150000 374.870000 0.300000 2517.610000
527.410000 628.990000 0.230000 3123.270000
542.030000 754.150000 0.180000 2741.750000
501.040000 232.280000 0.120000 2821.930000
386.890000 548.920000 0.170000 3191.260000
432.470000 662.820000 0.120000 1578.970000
399.900000 636.550000 0.240000 1217.510000
715.020000 476.870000 0.110000 2921.620000
350.080000 350.740000 0.130000 2286.630000
435.620000 378.080000 0.220000 4101.240000
645.440000 607.990000 0.090000 4458.090000
749.500000 652.710000 0.220000 1388.270000
596.880000 556.160000 0.240000 4815.320000
713.480000 441.520000 0.240000 3469.170000
263.140000 344.070000 0.360000 3902.540000
427.490000 642.910000 0.300000 3638.020000
360.080000 447.940000 0.210000 2316.990000
604.960000 374.840000 0.100000 3924.480000
488.010000 348.390000 0.210000 1033.990000
576.610000 324.340000 0.260000 2339.690000
370.610000 341.170000 0.200000 3449.650000
510.710000 764.670000 0.220000 3616.900000
399.540000 605.850000 0.200000 1750.700000
789.900000 407.260000 0.270000 3072.310000
571.370000 537.890000 0.270000 4175.190000
540.230000 427.050000 0.060000 3624.530000
569.280000 540.990000 0.100000 1513.100000
348.930000 323.050000 0.400000 1840.660000
442.030000 423.120000 0.180000 3831.440000
152.900000 425.130000 0.110000 2111.840000
346.140000 523.620000 0.090000 3175.310000
548.750000 371.180000 0.280000 1266.380000
577.860000 319.780000 0.360000 3571.550000
369.010000 502.090000 0.250000 4184.420000
772.190000 798.560000 0.270000 1307.230000
633.870000 503.540000 0.170000 3325.300000
378.720000 606.570000 0.370000 3232.210000
710.390000 437.960000 0.160000 3197.030000
188.930000 538.320000 0.280000 3181.830000
562.270000 659.340000 0.350000 2229.880000
645.390000 157.930000 0.250000 1352.920000
668.590000 479.390000 0.190000 2657.780000
468.600000 330.460000 0.090000 2495.710000
422.210000 765.990000 0.220000 3575.420000
629.340000 269.170000 0.260000 4240.190000
259.890000 558.870000 0.220000 1681.900000
418.360000 520.490000 0.240000 4065.050000
459.560000 415.010000 0.210000 4386.260000
363.920000 557.470000 0.210000 2893.530000
433.860000 552.260000 0.360000 3507.540000
440.840000 281.630000 0.240000 3591.790000
606.210000 582.430000 0.110000 3056.000000
293.310000 210.340000 0.270000 2336.890000
595.890000 361.060000 0.180000 1845.240000
597.070000 720.700000 0.260000 2123.580000
388.620000 610.300000 0.270000 2117.220000
518.950000 287.530000 0.050000 5435.570000
468.040000 343.510000 0.240000 2790.700000
553.440000 543.010000 0.220000 4440.190000
201.000000 552.200000 0.340000 2561.040000
699.140000 395.840000 0.220000 3275.900000
329.600000 170.870000 0.170000 2209.660000
271.810000 578.560000 0.230000 2154.270000
933.530000 540.560000 0.360000 2530.770000
294.810000 316.460000 0.240000 3809.880000
488.320000 914.010000 0.260000 3153.000000
688.130000 450.490000 0.030000 3017.800000
624.580000 700.200000 0.100000 2422.580000
