579.630000 316.140000 0.270000 4330.420000
471.340000 363.710000 0.260000 3309.940000
454.050000 428.290000 0.170000 3432.420000
605.500000 139.330000 0.270000 1900.670000
406.280000 575.640000 0.300000 2763.020000
743.750000 515.660000 0.150000 1795.990000
433.590000 465.490000 0.070000 1845.490000
117.860000 513.900000 0.400000 3709.330000
566.070000 273.960000 0.170000 2407.680000
282.710000 666.450000 0.190000 4215.120000
486.090000 298.160000 0.140000 2057.840000
525.180000 340.930000 0.320000 4881.720000
437.400000 628.470000 0.250000 3846.440000
197.520000 710.630000 0.110000 1314.380000
413.750000 532.900000 0.220000 2717.270000
734.860000 528.920000 0.230000 3438.100000
321.210000 420.830000 0.250000 2963.500000
410.990000 471.140000 0.310000 3472.440000
596.990000 589.520000 0.230000 3208.810000
398.100000 392.720000 0.280000 3668.670000
617.890000 474.870000 0.110000 2781.410000
428.890000 739.380000 0.120000 4412.600000
222.560000 185.280000 0.270000 2955.180000
474.760000 420.590000 0.170000 4361.390000
557.610000 482.810000 0.210000 2598.850000
391.060000 470.490000 0.010000 4888.220000
487.790000 407.510000 0.120000 1838.330000
452.460000 534.040000 0.400000 1992.260000
573.880000 368.210000 0.220000 3694.050000
494.090000 561.530000 0.150000 3005.770000
299.480000 380.550000 0.130000 3555.260000
546.170000 536.900000 0.090000 2712.500000
589.040000 425.900000 0.220000 2328.070000
441.610000 547.560000 0.180000 1491.780000
514.380000 477.430000 0.290000 2473.930000
525.900000 838.770000 0.170000 3930.020000
402.280000 617.430000 0.260000 3310.140000
536.190000 538.560000 0.070000 2534.050000
595.450000 461.040000 0.160000 4888.470000
365.390000 417.180000 0.090000 3128.370000
604.300000 436.590000 0.270000 3332.390000
748.460000 402.410000 0.050000 2588.420000
506.310000 341.660000 0.160000 2762.790000
326.840000 619.250000 0.110000 3399.840000
572.590000 542.720000 0.310000 5229.910000
391.450000 415.220000 0.200000 3392.780000
426.590000 598.390000 0.020000 2685.960000
595.420000 795.060000 0.150000 4301.020000
460.540000 393.120000 0.280000 3173.290000
584.970000 567.840000 0.190000 3897.970000
941.350000 613.100000 0.170000 2817.060000
582.410000 510.520000 0.170000 3842.380000
502.870000 459.740000 0.330000 4333.340000
439.040000 231.400000 0.270000 4068.650000
505.930000 249.430000 0.100000 2513.920000
652.480000 618.290000 0.420000 3274.700000
725.170000 409.860000 0.100000 2178.100000
300.840000 577.630000 0.250000 1630.840000
321.650000 486.490000 0.240000 3300.890000
716.780000 432.260000 0.270000 3681.710000
599.500000 243.400000 0.260000 3663.470000
708.030000 407.500000 0.210000 2639.210000
675.200000 429.810000 0.260000 1735.730000
418.120000 441.400000 0.320000 5552.510000
639.060000 463.740000 0.100000 925.120000
397.740000 399.950000 0.310000 2739.720000
349.130000 589.910000 0.230000 2410.250000
600.980000 378.840000 0.220000 3008.410000
568.100000 488.640000 0.270000 4193.270000
549.980000 612.120000 0.220000 2297.120000
529.000000 540.360000 0.350000 2741.290000
470.940000 310.400000 0.120000 3472.740000
566.580000 575.700000 0.300000 1903.240000
385.500000 781.780000 0.420000 4369.930000
659.120000 416.750000 0.460000 2850.940000
530.160000 476.080000 0.160000 2465.050000
741.060000 715.290000 0.230000 2709.370000
354.890000 507.610000 0.290000 1739.110000
511.670000 603.690000 0.030000 3984.010000
469.570000 375.910000 0.240000 3381.530000
713.180000 490.540000 0.210000 4512.660000
280.660000 281.000000 0.480000 1595.890000
568.550000 402.210000 0.320000 4123.440000
528.360000 559.460000 0.060000 1449.060000
695.090000 698.990000 0.060000 1598.000000
541.600000 513.740000 0.240000 4438.340000
556.450000 188.890000 0.170000 1665.020000
234.130000 456.910000 0.170000 5790.490000
325.000000 359.180000 0.170000 3858.300000
434.010000 471.150000 0.250000 2240.020000
