607.310000 508.040000 0.020000 3390.350000
143.160000 455.700000 0.200000 1426.030000
359.000000 762.790000 0.260000 2161.060000
665.630000 457.190000 0.350000 1998.050000
517.790000 567.460000 0.060000 3690.570000
232.190000 553.810000 0.290000 2695.420000
253.800000 455.190000 0.090000 3103.810000
495.730000 692.170000 0.300000 3420.270000
659.090000 395.220000 0.070000 5079.340000
586.120000 506.780000 0.190000 3662.740000
558.270000 653.870000 0.370000 2957.390000
663.830000 555.120000 0.110000 4571.860000
763.850000 472.090000 0.160000 3193.800000
359.990000 510.390000 0.140000 2879.860000
516.510000 505.120000 0.110000 2365.500000
509.560000 359.140000 0.020000 3317.470000
247.290000 694.880000 0.130000 4869.810000
579.040000 505.950000 0.120000 2140.840000
598.050000 470.960000 0.040000 2584.830000
322.880000 585.680000 0.110000 4046.240000
670.990000 348.090000 0.210000 3585.310000
711.960000 514.900000 0.200000 990.690000
476.140000 708.430000 0.320000 2816.770000
485.750000 344.430000 0.250000 3428.530000
620.100000 328.160000 0.340000 3538.770000
568.240000 330.100000 0.160000 3468.050000
243.210000 306.980000 0.120000 5234.930000
545.100000 717.300000 0.320000 2033.520000
879.840000 416.810000 0.190000 1789.940000
422.900000 353.450000 0.170000 4532.990000
358.240000 617.460000 0.070000 3474.630000
467.580000 427.990000 0.170000 4279.800000
301.260000 573.720000 0.230000 4527.460000
367.410000 509.840000 0.200000 2641.530000
523.170000 663.360000 0.030000 3472.720000
771.520000 331.680000 0.130000 2974.930000
489.350000 559.200000 0.280000 3350.450000
619.600000 274.480000 0.180000 3052.960000
522.560000 500.370000 0.370000 1897.110000
579.660000 555.400000 0.180000 3729.060000
