284.890000 922.340000 0.370000 6194.590000
741.020000 498.640000 0.240000 6618.120000
797.830000 917.370000 0.270000 5902.290000
814.400000 139.690000 0.210000 7247.490000
102.050000 113.070000 0.240000 6210.590000
421.420000 159.690000 0.170000 6700.880000
972.410000 969.180000 0.250000 5343.690000
716.140000 529.780000 0.170000 5226.390000
682.700000 163.170000 0.200000 6022.410000
7.160000 701.970000 0.250000 6882.750000
545.820000 455.200000 0.320000 6895.060000
631.930000 957.150000 0.250000 5332.080000
3.950000 657.430000 0.190000 7341.400000
64.170000 599.400000 0.030000 6147.940000
296.010000 83.390000 0.190000 7524.310000
487.060000 754.260000 0.260000 6942.820000
248.170000 618.760000 0.470000 4712.480000
198.120000 524.420000 0.140000 6450.970000
104.320000 121.990000 0.220000 6035.590000
938.180000 323.080000 0.300000 5404.670000
425.770000 55.020000 0.220000 6410.110000
966.620000 358.520000 0.090000 5803.470000
538.960000 84.940000 0.240000 7394.000000
60.720000 231.650000 0.090000 5398.660000
496.610000 939.450000 0.180000 7311.260000
118.570000 698.370000 0.180000 5834.800000
629.430000 413.990000 0.220000 6017.810000
529.110000 610.970000 0.240000 6806.250000
336.370000 212.250000 0.150000 5358.360000
260.810000 173.400000 0.110000 6881.900000
735.040000 313.050000 0.300000 6121.780000
746.010000 223.390000 0.250000 4604.160000
971.170000 19.140000 0.260000 4302.890000
230.650000 996.340000 0.200000 7157.380000
360.080000 314.420000 0.190000 5688.100000
927.060000 61.340000 0.060000 6205.490000
268.890000 456.610000 0.080000 7160.310000
63.650000 514.720000 0.160000 6273.500000
873.070000 935.050000 0.220000 4480.000000
979.190000 212.120000 0.100000 5688.950000
658.190000 220.110000 0.290000 5487.240000
927.150000 460.570000 0.290000 4797.780000
364.310000 554.600000 0.300000 7244.060000
252.970000 177.180000 0.190000 4664.920000
729.010000 901.980000 0.270000 5846.840000
993.330000 831.910000 0.170000 6777.890000
107.140000 573.320000 0.270000 6234.470000
788.720000 209.780000 0.150000 5956.450000
175.360000 829.230000 0.420000 6804.530000
476.460000 315.400000 0.210000 4110.950000
298.090000 74.590000 0.100000 6557.300000
201.860000 884.050000 0.100000 6273.280000
843.390000 469.940000 0.280000 4791.760000
846.100000 492.070000 0.020000 6100.740000
501.370000 251.460000 0.090000 5593.390000
622.790000 817.580000 0.270000 5253.740000
301.580000 160.370000 0.180000 5038.130000
549.300000 648.140000 0.410000 5361.660000
214.500000 289.200000 0.490000 4491.460000
849.650000 278.230000 0.220000 5508.260000
340.060000 102.840000 0.040000 4087.040000
450.690000 435.660000 0.190000 6120.390000
156.280000 451.050000 0.310000 7402.360000
67.600000 889.800000 0.190000 6264.730000
782.140000 592.680000 0.100000 6556.150000
836.070000 426.590000 0.130000 6160.720000
308.370000 11.100000 0.360000 7446.340000
77.880000 223.240000 0.200000 6260.900000
991.680000 299.320000 0.290000 7618.010000
285.310000 622.030000 0.260000 5416.920000
275.330000 940.870000 0.060000 6355.530000
505.480000 142.880000 0.190000 5543.090000
30.200000 385.730000 0.130000 6310.410000
669.440000 900.650000 0.280000 7071.030000
80.890000 717.910000 0.270000 6552.980000
661.880000 808.710000 0.260000 6940.190000
245.670000 728.620000 0.310000 6431.870000
299.690000 146.080000 0.040000 4894.750000
793.370000 128.830000 0.200000 5229.060000
752.470000 207.850000 0.220000 5303.080000
20.730000 777.010000 0.010000 7039.440000
666.500000 387.610000 0.210000 3505.730000
814.510000 641.040000 0.060000 5622.630000
373.050000 37.530000 0.320000 7012.730000
400.190000 735.160000 0.340000 7772.780000
115.840000 320.200000 0.130000 7713.390000
918.650000 724.340000 0.130000 4869.490000
297.800000 916.770000 0.120000 6323.220000
592.750000 588.620000 0.090000 5746.800000
598.680000 36.420000 0.170000 6485.680000
473.200000 159.700000 0.090000 5542.200000
331.760000 216.650000 0.090000 5734.110000
149.770000 248.050000 0.090000 5973.860000
436.530000 840.510000 0.040000 6219.460000
106.570000 570.120000 0.250000 5415.930000
715.390000 652.000000 0.260000 7307.170000
948.800000 178.730000 0.060000 6315.620000
200.040000 641.790000 0.230000 6534.070000
498.720000 395.400000 0.090000 4318.860000
64.630000 578.970000 0.090000 6634.260000
