996.560000 688.380000 0.170000 5147.700000
697.960000 524.330000 0.230000 6416.260000
123.000000 32.170000 0.200000 5432.860000
44.670000 413.750000 0.220000 5064.480000
425.090000 916.180000 0.140000 4325.960000
93.720000 268.320000 0.270000 6216.710000
416.300000 27.390000 0.320000 5247.710000
841.740000 242.300000 0.120000 5078.980000
294.960000 690.260000 0.140000 4772.890000
299.510000 732.060000 0.250000 7916.650000
384.470000 944.470000 0.100000 6358.550000
965.890000 690.340000 0.170000 5179.830000
725.370000 983.800000 0.110000 7581.580000
394.820000 145.950000 0.250000 4444.950000
123.030000 202.410000 0.100000 3663.080000
391.380000 717.170000 0.180000 5502.140000
893.660000 941.440000 0.100000 5902.150000
76.480000 261.620000 0.020000 6621.640000
689.810000 881.150000 0.140000 5479.760000
582.760000 616.410000 0.280000 6300.790000
