779.570000 75.410000 0.070000 6081.260000
799.060000 89.670000 0.270000 5795.390000
985.830000 88.400000 0.090000 6426.220000
723.740000 401.630000 0.050000 5209.280000
500.670000 395.540000 0.010000 6043.330000
660.360000 717.920000 0.200000 5630.160000
193.790000 732.580000 0.360000 6077.770000
360.900000 955.010000 0.220000 7151.200000
248.570000 320.030000 0.010000 5398.560000
339.910000 334.890000 0.260000 7561.440000
311.410000 944.130000 0.290000 6211.720000
904.340000 507.120000 0.090000 6989.900000
528.420000 640.330000 0.290000 7135.010000
901.950000 23.890000 0.460000 5965.960000
710.320000 307.960000 0.170000 6023.890000
972.520000 699.950000 0.070000 4910.350000
927.630000 203.280000 0.080000 5710.300000
164.150000 343.510000 0.160000 5107.290000
616.940000 536.410000 0.220000 6250.300000
238.000000 460.800000 0.100000 4991.130000
446.920000 127.350000 0.180000 6721.610000
283.810000 649.260000 0.400000 7239.570000
302.530000 81.750000 0.010000 6808.580000
324.530000 843.360000 0.130000 5910.920000
989.440000 779.880000 0.090000 5745.990000
550.190000 26.180000 0.360000 5683.170000
752.980000 755.620000 0.190000 4873.250000
114.630000 725.900000 0.190000 5500.620000
456.750000 448.740000 0.280000 5624.240000
277.710000 243.060000 0.190000 5475.670000
