760.050000 962.120000 0.250000 7347.610000
463.310000 932.180000 0.170000 5751.190000
46.550000 906.370000 0.250000 5294.930000
925.440000 576.760000 0.100000 6317.290000
384.520000 664.310000 0.260000 7208.380000
584.350000 68.760000 0.210000 4520.930000
477.070000 686.190000 0.080000 4611.130000
494.170000 611.730000 0.250000 6539.190000
558.940000 838.960000 0.220000 5806.730000
761.320000 657.920000 0.190000 4158.750000
649.020000 15.050000 0.200000 5183.070000
213.360000 121.280000 0.11000 4697.790000
198.850000 243.230000 0.330000 6131.960000
93.880000 261.450000 0.200000 5998.550000
278.770000 761.230000 0.380000 5228.290000
382.320000 645.600000 0.340000 5407.460000
639.640000 165.670000 0.230000 6703.470000
440.860000 291.740000 0.250000 6530.430000
580.000000 560.920000 0.020000 4433.400000
809.210000 126.650000 0.100000 7136.420000
756.960000 528.490000 0.070000 4031.900000
699.210000 292.780000 0.070000 7500.710000
508.740000 539.650000 0.400000 6749.310000
400.800000 746.700000 0.430000 5579.850000
852.060000 116.270000 0.060000 5581.060000
147.080000 611.610000 0.270000 5942.260000
15.160000 230.430000 0.220000 6383.030000
791.050000 158.620000 0.220000 5728.090000
502.690000 762.720000 0.240000 7010.990000
931.620000 161.530000 0.300000 5475.210000
979.280000 697.460000 0.240000 6539.360000
265.610000 923.650000 0.040000 5606.130000
124.790000 517.160000 0.270000 4668.360000
410.730000 480.430000 0.170000 4119.500000
613.930000 563.750000 0.270000 7426.460000
245.570000 611.980000 0.320000 6530.840000
818.180000 620.120000 0.230000 5012.070000
898.780000 581.250000 0.200000 7403.930000
499.030000 672.530000 0.180000 5548.890000
493.670000 544.350000 0.200000 6005.440000
