822.190000 304.680000 0.250000 3974.490000
335.480000 848.180000 0.040000 6500.560000
955.180000 494.820000 0.230000 7007.850000
984.990000 881.180000 0.230000 4215.190000
426.760000 920.020000 0.080000 5266.400000
662.590000 867.590000 0.460000 5581.660000
886.700000 198.560000 0.110000 7049.170000
306.410000 952.000000 0.210000 6677.310000
320.210000 996.930000 0.180000 4202.260000
498.250000 260.310000 0.150000 5015.120000
224.360000 468.410000 0.260000 5110.950000
427.790000 211.570000 0.100000 6683.960000
312.070000 448.440000 0.170000 6034.130000
344.990000 152.000000 0.050000 4291.300000
678.890000 953.060000 0.140000 6030.270000
357.910000 253.910000 0.050000 7607.620000
771.450000 231.840000 0.290000 7113.690000
49.980000 505.380000 0.340000 4821.200000
447.430000 58.160000 0.230000 4944.080000
417.180000 549.300000 0.130000 5443.090000
415.310000 273.680000 0.140000 7621.010000
786.840000 31.760000 0.270000 4814.560000
370.870000 473.320000 0.220000 5328.890000
253.230000 540.660000 0.130000 6661.620000
285.310000 311.690000 0.340000 5765.890000
400.510000 540.780000 0.190000 6290.730000
940.800000 906.710000 0.230000 5486.040000
928.320000 582.850000 0.070000 4634.160000
228.510000 944.110000 0.310000 5811.100000
14.230000 259.770000 0.240000 5852.430000
664.900000 210.410000 0.120000 6577.090000
48.540000 242.950000 0.300000 5495.600000
591.880000 774.060000 0.450000 6325.520000
841.110000 775.530000 0.180000 7524.100000
31.110000 567.400000 0.100000 7058.600000
228.160000 774.070000 0.190000 5101.180000
384.530000 132.620000 0.280000 5141.570000
402.960000 365.620000 0.200000 6296.300000
385.580000 571.770000 0.270000 5431.550000
906.740000 449.050000 0.170000 4645.540000
473.350000 7.420000 0.220000 4574.540000
416.550000 123.780000 0.130000 4746.030000
147.910000 546.300000 0.160000 5532.350000
397.730000 627.880000 0.270000 5988.420000
266.960000 883.090000 0.380000 5192.170000
657.020000 813.730000 0.200000 6660.010000
880.410000 131.290000 0.230000 4290.540000
757.360000 272.300000 0.280000 6987.800000
185.070000 629.650000 0.190000 7268.470000
96.510000 674.910000 0.200000 6831.610000
240.480000 150.250000 0.380000 6049.410000
370.210000 305.380000 0.220000 5959.530000
884.660000 696.840000 0.060000 5156.390000
677.980000 419.440000 0.070000 6019.670000
834.900000 251.780000 0.360000 5265.060000
662.670000 512.510000 0.350000 5990.450000
144.680000 526.820000 0.230000 6397.100000
610.310000 535.620000 0.080000 7450.090000
533.650000 438.270000 0.190000 5482.790000
757.650000 134.240000 0.060000 5939.370000
119.230000 676.960000 0.210000 4963.370000
43.990000 503.830000 0.020000 5012.210000
267.260000 743.330000 0.200000 5464.520000
95.580000 973.740000 0.160000 7781.850000
997.050000 207.120000 0.190000 4509.120000
625.030000 143.350000 0.300000 6975.430000
815.580000 945.730000 0.240000 5338.690000
352.720000 416.180000 0.230000 7217.930000
758.870000 218.970000 0.420000 7133.630000
868.330000 336.830000 0.110000 6036.210000
