672.510000 580.250000 0.230000 6730.510000
911.980000 2.290000 0.170000 7863.180000
849.850000 280.440000 0.180000 6932.170000
597.510000 472.070000 0.370000 7264.370000
244.290000 113.050000 0.180000 5574.170000
997.020000 531.570000 0.220000 6853.540000
264.270000 336.850000 0.270000 5867.220000
581.860000 713.840000 0.110000 6242.380000
651.700000 718.440000 0.030000 4445.700000
285.410000 884.870000 0.010000 6627.260000
56.440000 565.570000 0.210000 5902.880000
38.520000 499.230000 0.060000 7031.480000
213.400000 532.830000 0.320000 5575.460000
758.590000 215.010000 0.140000 6861.470000
632.720000 80.900000 0.170000 5364.480000
117.860000 22.750000 0.260000 6265.740000
928.890000 848.540000 0.110000 5624.780000
783.860000 389.560000 0.170000 7092.140000
964.160000 697.540000 0.150000 5101.430000
358.760000 389.720000 0.210000 7310.530000
965.710000 703.400000 0.170000 7160.340000
578.180000 945.910000 0.050000 6976.320000
269.610000 490.130000 0.050000 6529.330000
234.700000 852.010000 0.140000 5511.660000
876.390000 650.150000 0.270000 7105.360000
755.000000 802.750000 0.140000 7408.860000
489.670000 220.480000 0.250000 6965.250000
289.870000 955.510000 0.120000 6677.910000
591.710000 224.380000 0.110000 6236.300000
994.430000 972.490000 0.220000 6471.850000
151.920000 816.720000 0.320000 5526.350000
192.410000 725.260000 0.370000 6486.880000
421.530000 502.780000 0.250000 5691.910000
753.940000 291.850000 0.290000 6741.530000
849.160000 233.390000 0.250000 6925.590000
66.510000 958.600000 0.190000 5704.460000
947.270000 575.730000 0.080000 4117.810000
65.100000 247.780000 0.270000 6900.210000
475.740000 889.550000 0.270000 6650.360000
942.870000 475.950000 0.370000 6916.920000
623.140000 377.970000 0.020000 5590.010000
742.680000 545.970000 0.210000 4004.170000
288.050000 590.720000 0.220000 6398.900000
483.140000 154.420000 0.230000 6016.550000
714.490000 225.960000 0.010000 5346.160000
618.890000 386.400000 0.130000 5038.020000
272.540000 52.170000 0.240000 6357.080000
422.510000 727.080000 0.220000 4808.480000
896.850000 327.500000 0.130000 6453.290000
930.990000 906.650000 0.250000 6457.570000
797.100000 193.790000 0.380000 5140.910000
96.270000 981.500000 0.190000 7338.950000
103.830000 214.520000 0.120000 6225.660000
630.530000 775.360000 0.290000 5845.370000
26.600000 664.170000 0.120000 5507.600000
751.150000 419.520000 0.190000 5190.650000
155.920000 708.490000 0.130000 5572.270000
788.510000 785.220000 0.280000 6750.580000
584.770000 570.270000 0.280000 6267.890000
5.960000 695.510000 0.210000 6904.360000
129.400000 743.410000 0.300000 7280.380000
157.890000 624.680000 0.060000 6756.030000
385.980000 398.020000 0.150000 7030.880000
377.050000 730.180000 0.120000 6795.240000
950.210000 309.240000 0.210000 6582.840000
700.320000 730.220000 0.120000 6903.440000
463.750000 861.850000 0.250000 5085.470000
730.570000 46.750000 0.080000 7265.480000
620.820000 2.560000 0.180000 6251.770000
519.810000 419.160000 0.230000 5927.280000
269.180000 397.060000 0.170000 6261.570000
939.310000 237.380000 0.190000 5760.850000
69.010000 245.830000 0.180000 6536.260000
395.420000 339.710000 0.170000 5796.520000
489.680000 212.760000 0.340000 6777.530000
788.180000 699.640000 0.120000 5913.990000
870.220000 47.120000 0.330000 4811.970000
634.450000 912.950000 0.260000 7030.760000
158.900000 648.470000 0.210000 5058.530000
79.800000 115.370000 0.390000 7715.490000
