594.010000 684.910000 0.120000 7026.770000
111.260000 334.530000 0.160000 5699.000000
433.050000 929.370000 0.160000 5362.370000
720.150000 920.440000 0.330000 6235.670000
566.310000 133.930000 0.100000 6273.280000
370.830000 132.110000 0.450000 5991.670000
453.900000 177.180000 0.330000 5836.390000
31.950000 631.420000 0.250000 6057.590000
688.740000 936.660000 0.110000 5469.580000
148.010000 667.480000 0.180000 4998.650000
996.930000 475.900000 0.310000 6385.400000
230.700000 293.110000 0.190000 7197.750000
852.170000 8.010000 0.290000 6395.830000
232.230000 848.580000 0.130000 6425.810000
702.090000 992.610000 0.080000 5591.700000
810.880000 576.550000 0.080000 5765.110000
508.130000 402.080000 0.230000 6334.480000
233.050000 805.300000 0.240000 6598.370000
517.470000 894.090000 0.130000 5716.570000
182.810000 569.960000 0.380000 5793.080000
785.440000 385.040000 0.250000 5664.800000
216.010000 582.440000 0.310000 5435.220000
973.660000 561.800000 0.140000 5378.330000
277.370000 428.570000 0.060000 4792.160000
388.390000 379.560000 0.360000 7300.960000
540.950000 841.830000 0.180000 6456.600000
853.180000 240.220000 0.090000 5973.250000
200.510000 410.270000 0.260000 4538.710000
450.380000 72.110000 0.310000 7533.020000
694.900000 339.620000 0.130000 7131.910000
761.190000 257.020000 0.040000 5839.820000
112.060000 657.850000 0.260000 6128.480000
592.500000 160.040000 0.190000 4967.430000
926.550000 217.870000 0.160000 6514.970000
923.260000 59.510000 0.320000 5475.170000
390.450000 416.860000 0.360000 5881.460000
757.020000 613.360000 0.200000 6157.270000
464.930000 368.560000 0.310000 5122.850000
747.980000 68.080000 -0.050000 4639.330000
663.670000 292.090000 0.130000 5518.790000
96.710000 364.910000 0.240000 7197.160000
63.520000 352.230000 0.090000 5557.820000
686.540000 126.440000 0.280000 6508.560000
206.140000 16.060000 0.160000 4457.410000
663.660000 673.880000 0.250000 6002.270000
164.430000 354.570000 0.080000 6814.350000
753.230000 427.230000 0.240000 5770.340000
136.500000 361.540000 0.090000 6723.180000
119.790000 277.940000 0.210000 4890.110000
28.160000 577.420000 0.090000 5248.230000
394.730000 227.000000 0.090000 4552.030000
564.960000 565.340000 0.040000 5983.410000
159.120000 913.680000 0.100000 6623.830000
46.820000 495.720000 0.130000 6624.150000
158.040000 156.740000 0.160000 4477.530000
534.880000 733.210000 0.330000 6292.300000
971.490000 912.130000 0.270000 6224.850000
231.960000 472.350000 0.410000 6450.310000
889.420000 716.470000 0.280000 5295.700000
19.620000 0.390000 0.210000 7266.410000
534.320000 729.170000 0.090000 5588.040000
681.550000 874.580000 0.060000 5470.170000
457.760000 448.650000 0.190000 5157.240000
981.090000 324.790000 0.220000 6009.540000
690.520000 214.050000 0.200000 5697.780000
979.760000 631.640000 0.220000 4597.290000
572.090000 463.710000 0.290000 4875.830000
792.900000 170.310000 0.180000 4998.300000
670.930000 129.530000 -0.070000 5642.050000
42.980000 103.560000 0.350000 4652.930000
271.510000 800.290000 0.100000 5821.720000
348.260000 551.290000 0.220000 4081.530000
418.690000 8.720000 0.130000 3858.340000
175.300000 459.300000 0.310000 7029.240000
958.500000 417.060000 0.280000 5887.190000
268.110000 534.450000 0.190000 6409.360000
650.040000 715.390000 0.010000 3264.610000
288.480000 396.390000 0.320000 4707.800000
250.150000 938.210000 0.180000 4752.640000
173.530000 601.700000 0.200000 4755.320000
537.180000 263.630000 0.330000 5902.830000
222.760000 310.120000 0.320000 4920.180000
883.900000 602.580000 0.180000 7379.550000
576.320000 421.530000 0.320000 5999.420000
885.950000 910.290000 0.300000 6250.040000
56.390000 83.550000 0.160000 5159.820000
385.810000 113.850000 0.090000 6232.500000
993.010000 145.830000 0.530000 5159.080000
189.340000 133.180000 0.020000 7140.860000
606.160000 657.020000 0.260000 4646.970000
