438.540000 568.280000 0.260000 1260.260000
486.310000 501.520000 0.230000 1003.890000
457.540000 453.640000 0.270000 1234.900000
522.040000 452.220000 0.120000 2243.090000
490.000000 435.310000 0.270000 2037.040000
573.380000 511.240000 0.140000 2314.120000
421.210000 511.850000 0.240000 1933.870000
478.240000 462.660000 0.380000 4439.810000
548.550000 581.060000 0.100000 2836.040000
511.330000 565.810000 0.210000 2049.680000
549.650000 401.510000 0.260000 1224.760000
561.040000 561.760000 0.210000 2917.450000
504.220000 449.720000 0.170000 2656.080000
525.070000 530.400000 0.270000 583.120000
570.040000 460.120000 0.020000 2525.600000
540.680000 466.230000 0.190000 2804.730000
425.640000 458.310000 0.330000 628.150000
483.460000 542.650000 0.240000 606.040000
536.270000 498.200000 0.140000 2651.870000
462.930000 479.860000 0.130000 3092.690000
503.660000 404.660000 0.060000 1844.900000
428.240000 464.330000 0.130000 2354.570000
545.180000 425.490000 0.060000 1258.330000
556.240000 461.920000 0.180000 1125.930000
573.160000 509.440000 0.220000 977.470000
534.900000 521.280000 0.270000 1754.220000
408.660000 502.160000 0.260000 1226.610000
472.770000 427.830000 0.230000 2304.710000
545.570000 520.840000 0.110000 1111.720000
504.030000 474.000000 0.310000 2906.140000
476.260000 520.820000 0.340000 1511.780000
571.460000 486.670000 0.220000 2758.930000
549.880000 578.340000 0.410000 1155.560000
466.470000 523.270000 0.240000 1129.080000
515.550000 525.550000 0.170000 3289.890000
572.830000 598.540000 0.050000 1161.500000
548.370000 502.660000 0.030000 904.210000
527.090000 527.770000 0.240000 1280.260000
416.180000 476.420000 0.050000 2599.680000
517.130000 452.610000 0.090000 1486.720000
508.640000 499.220000 0.300000 2435.080000
454.160000 540.810000 0.190000 829.560000
483.480000 519.390000 0.160000 1884.200000
509.300000 539.930000 0.170000 1322.390000
478.880000 544.270000 0.060000 1046.470000
467.910000 460.290000 0.220000 797.730000
496.000000 490.890000 0.190000 1757.230000
559.460000 456.720000 0.250000 1310.870000
505.240000 459.300000 0.170000 823.550000
501.690000 612.000000 0.060000 1111.660000
570.590000 494.610000 0.170000 1675.480000
508.520000 538.180000 0.330000 1444.940000
483.160000 456.670000 0.030000 2123.860000
529.690000 474.790000 0.010000 1131.860000
583.930000 444.190000 0.180000 1549.780000
540.110000 498.960000 0.190000 1500.980000
490.800000 556.760000 0.150000 1603.580000
456.580000 434.550000 0.390000 1774.550000
427.630000 487.300000 0.240000 710.360000
512.980000 486.560000 0.080000 2272.910000
520.780000 459.810000 0.220000 722.620000
455.110000 512.560000 0.010000 2269.080000
536.900000 547.710000 0.300000 1726.720000
556.710000 570.310000 0.380000 1526.680000
555.650000 440.630000 0.090000 1603.650000
502.120000 523.530000 0.390000 1441.800000
445.100000 507.970000 0.300000 722.360000
519.790000 506.620000 0.180000 1707.640000
568.050000 391.050000 0.220000 1591.540000
472.200000 441.030000 0.270000 1543.510000
