507.480000 528.050000 0.220000 2073.580000
464.610000 452.720000 0.370000 2212.340000
446.230000 399.190000 0.150000 4572.680000
497.160000 535.880000 0.110000 1119.410000
587.790000 577.120000 0.290000 1003.840000
530.330000 558.860000 0.230000 1919.650000
565.900000 544.040000 0.270000 1251.660000
516.760000 519.260000 0.190000 1414.660000
470.320000 492.920000 0.010000 2395.470000
470.680000 519.940000 0.020000 2013.970000
498.110000 443.080000 0.220000 1884.330000
491.440000 569.290000 0.220000 1493.860000
496.700000 507.570000 0.160000 557.530000
525.380000 519.140000 0.230000 1124.680000
445.430000 486.610000 0.190000 3518.280000
555.630000 537.740000 0.110000 1576.160000
455.020000 439.770000 0.140000 1910.640000
538.760000 449.230000 0.320000 1415.760000
502.560000 416.310000 0.230000 747.220000
455.200000 469.080000 0.250000 558.560000
541.940000 497.480000 0.030000 2074.290000
416.520000 502.640000 0.220000 4449.210000
545.970000 599.830000 0.160000 1228.490000
465.920000 516.220000 0.090000 1182.000000
493.960000 465.690000 0.010000 1197.620000
515.300000 526.850000 0.110000 1523.660000
425.660000 475.110000 0.110000 1515.700000
537.620000 549.570000 0.370000 1186.440000
521.650000 488.080000 0.130000 1017.520000
420.910000 425.770000 0.320000 2963.320000
509.960000 454.370000 0.210000 991.970000
439.990000 520.060000 0.300000 3025.010000
476.320000 473.430000 0.200000 1153.550000
487.030000 543.390000 0.160000 1279.890000
524.260000 447.530000 0.100000 1320.520000
456.280000 575.070000 0.240000 1850.180000
435.320000 470.600000 0.320000 1482.580000
471.360000 507.290000 0.220000 1489.000000
515.150000 507.180000 0.200000 953.970000
491.790000 454.960000 0.260000 1496.650000
469.270000 454.270000 0.040000 993.820000
479.940000 493.940000 0.050000 776.260000
512.430000 470.440000 0.290000 1151.000000
532.970000 414.560000 0.210000 1750.560000
530.840000 495.730000 0.160000 1766.210000
493.050000 523.320000 0.270000 1306.990000
552.470000 570.070000 0.390000 1920.640000
584.300000 522.090000 0.250000 2984.630000
596.060000 529.070000 0.300000 2931.270000
501.820000 488.010000 0.390000 1397.940000
466.850000 456.920000 0.220000 2183.700000
514.120000 489.040000 0.270000 1927.350000
551.130000 485.310000 0.270000 2569.350000
529.020000 519.910000 0.190000 1243.990000
496.870000 520.820000 0.010000 1244.540000
510.180000 497.530000 0.440000 1888.990000
485.300000 561.760000 0.330000 1114.490000
526.420000 486.820000 0.350000 2153.850000
513.240000 512.340000 0.250000 665.830000
549.810000 534.310000 0.320000 1757.150000
510.540000 517.710000 0.370000 1627.240000
487.010000 482.270000 0.450000 813.270000
587.010000 533.490000 0.170000 1684.160000
583.440000 507.350000 0.100000 1711.320000
461.310000 578.400000 0.140000 940.230000
550.550000 518.860000 0.390000 4118.590000
477.660000 558.770000 0.220000 2246.220000
586.680000 527.560000 0.410000 2118.390000
496.680000 478.870000 0.080000 1227.340000
492.900000 479.530000 0.370000 3256.250000
526.090000 546.410000 0.320000 2429.600000
420.170000 529.660000 0.200000 2444.140000
462.820000 508.820000 0.350000 855.830000
489.940000 474.480000 0.160000 1180.920000
474.620000 473.860000 0.240000 2163.680000
462.920000 471.810000 0.160000 1520.650000
472.270000 470.480000 0.380000 2432.840000
510.190000 527.430000 0.210000 891.060000
536.390000 519.260000 0.090000 1134.430000
513.500000 517.800000 0.350000 1185.950000
544.050000 524.950000 0.110000 2726.590000
496.310000 445.200000 0.280000 2661.600000
512.350000 488.380000 0.220000 1859.280000
518.350000 505.890000 0.120000 2687.760000
519.810000 491.690000 0.260000 2471.900000
510.860000 481.330000 0.170000 1993.460000
544.870000 493.350000 0.220000 1856.610000
569.750000 471.130000 0.160000 2654.160000
484.090000 448.500000 0.220000 3278.620000
557.100000 513.760000 0.180000 1193.400000
