479.230000 503.870000 0.060000 1923.020000
448.910000 508.430000 0.400000 3728.730000
425.350000 471.720000 0.280000 2030.070000
475.370000 481.110000 0.030000 1368.440000
430.540000 504.620000 0.160000 3227.440000
502.460000 458.180000 0.130000 488.670000
482.570000 570.380000 0.250000 2068.870000
543.550000 524.530000 0.010000 1159.580000
519.150000 410.330000 0.310000 1540.980000
497.400000 520.020000 0.070000 580.530000
523.860000 500.130000 0.200000 655.820000
471.080000 463.930000 0.300000 907.640000
577.260000 464.650000 0.080000 1274.940000
504.990000 520.150000 0.100000 1353.030000
505.420000 510.220000 0.190000 313.080000
465.360000 432.910000 0.200000 1431.080000
474.270000 485.440000 0.110000 871.360000
478.240000 515.900000 0.210000 3405.980000
480.130000 388.290000 0.360000 1625.260000
482.120000 397.550000 0.090000 1403.880000
516.720000 490.990000 0.270000 3688.070000
498.750000 535.740000 0.360000 2676.470000
578.580000 551.710000 0.390000 799.890000
479.340000 503.810000 0.220000 1300.790000
547.370000 535.430000 0.260000 2810.720000
559.660000 514.130000 0.130000 3382.240000
463.590000 470.510000 0.200000 949.690000
470.570000 584.300000 0.140000 2165.510000
544.260000 504.730000 0.240000 1604.090000
505.830000 598.660000 0.130000 2263.890000
