485.830000 458.500000 0.340000 1277.880000
564.690000 491.460000 0.310000 1677.610000
584.710000 445.830000 0.290000 1964.500000
548.920000 420.630000 0.060000 1187.540000
489.030000 458.010000 0.280000 782.730000
479.760000 406.730000 0.260000 1114.750000
494.470000 488.900000 0.140000 1412.550000
420.730000 514.550000 0.360000 2324.700000
588.820000 498.460000 0.230000 716.910000
497.600000 429.650000 0.020000 996.700000
407.050000 465.580000 0.120000 3006.170000
533.230000 532.540000 0.140000 2071.550000
469.680000 429.820000 0.190000 1473.280000
485.850000 511.550000 0.140000 1217.810000
501.600000 434.120000 0.410000 1733.070000
521.660000 427.040000 0.230000 850.030000
518.160000 512.060000 0.120000 1165.190000
579.720000 477.760000 0.350000 2530.840000
511.710000 465.000000 0.150000 975.080000
612.520000 536.320000 0.100000 813.140000
