485.740000 454.480000 0.110000 1682.690000
456.390000 530.560000 0.330000 2263.830000
518.950000 525.330000 0.330000 2669.010000
582.710000 472.270000 0.140000 1197.420000
569.730000 615.970000 0.190000 1668.320000
441.970000 473.660000 0.200000 1746.170000
492.420000 541.610000 0.180000 1847.970000
490.190000 575.130000 0.160000 2197.890000
528.200000 590.820000 0.090000 1020.640000
424.760000 541.360000 0.170000 2085.930000
480.760000 454.030000 0.370000 2906.280000
474.070000 537.390000 0.140000 1092.880000
458.860000 488.990000 0.150000 1723.110000
415.400000 482.640000 0.140000 2911.850000
407.580000 340.670000 0.070000 1279.800000
492.670000 440.930000 0.460000 748.280000
539.980000 486.380000 0.210000 2549.820000
454.900000 452.830000 0.140000 1558.740000
461.670000 505.270000 0.100000 1642.570000
499.090000 470.090000 0.160000 1916.050000
509.210000 454.220000 0.130000 1409.620000
526.000000 421.490000 0.010000 3025.290000
464.540000 549.670000 0.140000 789.060000
570.920000 462.670000 0.090000 1812.640000
401.970000 477.590000 0.270000 785.650000
491.250000 479.790000 0.240000 776.730000
485.600000 516.400000 0.220000 1627.440000
597.550000 594.700000 0.260000 2265.100000
562.980000 594.590000 0.090000 641.020000
484.690000 460.850000 0.290000 820.330000
480.530000 564.720000 0.170000 1372.540000
440.810000 448.550000 0.300000 927.520000
490.190000 482.250000 0.210000 893.010000
440.390000 503.200000 0.140000 1158.280000
546.020000 462.480000 0.190000 1038.820000
542.450000 506.230000 0.020000 1573.210000
470.380000 458.430000 0.060000 1922.920000
480.390000 517.780000 0.340000 1287.540000
517.750000 472.330000 0.070000 932.330000
536.260000 373.930000 0.240000 1913.110000
