524.940000 502.940000 0.090000 726.760000
631.800000 572.080000 0.140000 1043.370000
495.560000 595.390000 0.100000 2330.620000
571.120000 590.200000 0.470000 1475.740000
534.800000 585.550000 0.210000 1448.240000
565.170000 567.560000 0.090000 583.500000
304.130000 539.280000 0.140000 3067.910000
427.550000 326.550000 0.260000 1103.840000
519.980000 405.170000 0.300000 740.460000
524.220000 604.940000 0.080000 3101.200000
655.620000 634.920000 0.270000 1251.440000
459.220000 325.290000 0.190000 564.920000
539.650000 505.210000 0.210000 1199.800000
536.350000 315.980000 0.160000 781.530000
349.460000 488.090000 0.510000 3810.380000
443.030000 440.200000 0.130000 2041.800000
338.100000 568.780000 0.150000 1380.420000
629.370000 486.650000 0.360000 2071.090000
562.010000 548.810000 0.130000 2390.200000
491.420000 525.910000 0.400000 3214.270000
468.550000 581.730000 0.070000 1185.450000
425.130000 598.040000 0.290000 1114.140000
463.230000 443.730000 0.260000 695.050000
462.690000 593.480000 0.270000 1761.260000
503.100000 486.280000 0.360000 833.680000
660.050000 607.150000 0.200000 1969.700000
483.560000 510.720000 0.170000 994.370000
577.400000 510.480000 0.030000 1342.110000
347.870000 444.850000 0.040000 1337.170000
303.700000 561.170000 0.210000 1691.220000
560.590000 601.220000 0.120000 1472.420000
642.780000 523.400000 0.270000 3065.370000
402.300000 597.140000 0.150000 2417.000000
491.670000 627.190000 0.200000 1627.140000
436.510000 536.330000 0.060000 2110.860000
532.390000 605.220000 0.220000 2693.590000
464.490000 449.850000 0.200000 1272.210000
616.520000 351.910000 0.090000 1043.560000
461.450000 381.700000 0.100000 1085.340000
516.280000 559.600000 0.270000 2507.290000
649.850000 305.280000 0.260000 1250.390000
409.660000 285.080000 0.160000 2792.920000
356.480000 338.140000 0.280000 896.930000
583.000000 501.200000 0.280000 2677.980000
437.080000 472.430000 0.130000 1916.130000
586.390000 326.540000 0.070000 1642.650000
469.990000 417.230000 0.120000 877.280000
534.640000 480.700000 0.330000 2692.340000
470.580000 600.350000 0.140000 1165.290000
563.680000 600.570000 0.120000 2461.510000
342.860000 615.260000 0.250000 1495.910000
723.350000 296.340000 0.190000 1769.170000
532.230000 593.180000 0.320000 3255.350000
573.770000 443.210000 0.210000 2222.780000
605.480000 422.640000 0.290000 871.910000
549.140000 408.020000 0.140000 1354.970000
387.830000 551.150000 0.200000 1210.620000
444.810000 559.580000 0.180000 1451.500000
521.780000 440.280000 0.240000 1360.970000
414.790000 475.090000 0.230000 1208.450000
546.700000 479.670000 0.450000 1322.240000
337.500000 478.860000 0.320000 1614.700000
448.030000 525.680000 0.290000 604.400000
468.990000 475.590000 0.180000 570.370000
483.150000 460.070000 0.400000 1169.520000
615.500000 442.320000 0.140000 3114.300000
587.640000 452.890000 0.150000 2119.350000
452.270000 427.880000 0.210000 1564.440000
368.980000 650.810000 0.280000 2202.470000
579.600000 549.830000 0.250000 930.950000
