475.900000 481.160000 0.370000 1782.390000
627.810000 525.320000 0.380000 892.720000
486.200000 418.880000 0.370000 1302.910000
589.070000 482.650000 0.140000 940.030000
515.360000 384.830000 0.200000 3036.560000
605.570000 541.830000 0.190000 1280.240000
574.830000 393.820000 0.220000 767.750000
612.770000 237.410000 0.240000 638.050000
678.680000 577.570000 0.150000 1335.930000
600.910000 632.490000 0.380000 2131.940000
632.430000 508.930000 0.040000 1847.660000
343.010000 521.710000 0.100000 2120.530000
435.850000 484.210000 0.140000 863.760000
334.080000 595.940000 0.270000 1263.000000
601.560000 494.840000 0.340000 2265.510000
459.350000 458.590000 0.240000 1612.000000
554.860000 614.710000 0.380000 1495.600000
594.430000 433.400000 0.120000 1136.780000
622.130000 580.910000 0.350000 1317.310000
623.150000 546.870000 0.230000 1418.370000
