376.050000 615.540000 0.080000 986.750000
475.390000 473.020000 0.370000 2355.890000
443.440000 472.810000 0.260000 1925.320000
531.890000 570.440000 0.260000 1404.550000
507.090000 420.870000 0.220000 1190.720000
472.270000 347.610000 0.130000 2903.440000
564.600000 372.550000 0.160000 614.230000
639.680000 673.580000 0.270000 1364.390000
465.640000 612.180000 0.160000 2917.060000
333.730000 466.580000 0.120000 1156.020000
536.410000 538.540000 0.260000 2471.140000
548.000000 599.340000 0.300000 1597.640000
409.730000 456.790000 0.310000 2601.710000
389.270000 423.830000 0.280000 1326.090000
623.590000 621.840000 0.140000 1122.170000
568.290000 681.860000 0.010000 2115.410000
506.330000 622.110000 0.220000 1825.520000
562.550000 741.300000 0.270000 2303.800000
469.510000 390.870000 0.260000 1397.400000
655.170000 356.660000 0.170000 992.180000
453.300000 507.340000 0.260000 2584.830000
463.770000 424.840000 0.390000 2216.010000
708.330000 507.700000 0.360000 2169.640000
429.090000 493.610000 0.140000 2060.750000
555.780000 513.010000 0.180000 2714.000000
443.670000 533.980000 0.480000 2632.080000
638.550000 632.650000 0.200000 2317.190000
387.120000 504.750000 0.260000 1153.860000
455.180000 448.280000 0.120000 2749.290000
413.750000 425.290000 0.270000 691.890000
