588.480000 542.020000 0.110000 2636.840000
462.510000 400.330000 0.200000 737.990000
390.280000 482.710000 0.250000 2305.790000
519.470000 564.290000 0.180000 2785.280000
537.930000 489.900000 0.110000 2332.240000
527.730000 526.620000 0.080000 1297.850000
423.930000 514.420000 0.170000 2439.170000
632.020000 493.460000 0.080000 2695.540000
550.350000 414.080000 0.160000 1227.970000
439.170000 355.460000 0.150000 2393.800000
509.490000 551.420000 0.200000 882.400000
585.130000 562.840000 0.230000 1379.620000
299.950000 490.940000 0.090000 1520.220000
446.090000 463.530000 0.080000 2081.290000
596.920000 524.770000 0.080000 2074.170000
550.940000 600.230000 0.220000 2642.940000
359.470000 529.480000 0.260000 830.360000
607.720000 714.850000 0.010000 1296.200000
573.470000 457.390000 0.200000 1817.810000
548.080000 456.920000 0.240000 969.330000
490.640000 511.280000 0.110000 453.080000
596.550000 579.800000 0.170000 1088.630000
400.020000 614.540000 0.240000 1242.790000
435.020000 438.710000 0.100000 1203.140000
376.850000 492.030000 0.100000 1322.130000
447.480000 346.090000 0.240000 2340.050000
530.810000 550.410000 0.390000 1252.370000
288.640000 656.520000 0.360000 1536.240000
432.200000 553.320000 0.230000 2138.940000
534.860000 523.790000 0.320000 2922.010000
376.380000 412.450000 0.230000 1541.180000
422.320000 458.700000 0.200000 2303.520000
506.400000 469.350000 0.100000 3222.290000
435.790000 737.270000 0.120000 1955.510000
439.150000 530.950000 0.200000 4192.940000
505.720000 584.400000 0.250000 1010.490000
557.610000 319.240000 0.080000 995.410000
666.910000 412.560000 0.110000 1668.930000
550.100000 655.680000 0.280000 2350.200000
337.420000 446.000000 0.230000 1745.780000
734.900000 460.540000 0.320000 2053.490000
541.050000 434.230000 0.080000 2869.150000
295.270000 596.980000 0.070000 855.990000
667.560000 505.870000 0.190000 1727.470000
650.820000 464.380000 0.040000 1281.640000
440.570000 543.190000 0.080000 1665.610000
530.960000 458.590000 0.220000 3090.490000
550.130000 587.700000 0.090000 1169.830000
497.230000 606.310000 0.050000 1261.810000
379.370000 604.630000 0.170000 2439.760000
316.630000 424.600000 0.180000 1865.580000
399.090000 470.560000 0.230000 2694.420000
411.730000 405.430000 0.170000 1973.830000
622.560000 592.200000 0.210000 1807.580000
395.280000 492.770000 0.260000 673.790000
540.610000 554.210000 0.180000 2368.890000
571.950000 534.490000 0.260000 2651.390000
452.550000 521.920000 0.340000 1611.390000
435.120000 476.730000 0.380000 2293.340000
542.310000 536.130000 0.270000 2082.180000
384.380000 270.460000 0.250000 2125.880000
581.400000 353.810000 0.190000 1472.710000
445.700000 439.250000 0.120000 2555.820000
489.640000 466.320000 0.340000 1651.690000
488.340000 485.850000 0.310000 2070.480000
672.400000 523.380000 0.460000 2570.140000
472.580000 504.530000 0.350000 1396.950000
392.380000 577.470000 0.190000 1977.620000
578.760000 358.140000 0.430000 2777.130000
767.000000 439.550000 0.220000 1096.340000
337.080000 294.490000 0.260000 1432.690000
601.260000 462.700000 0.380000 928.420000
517.240000 491.540000 0.240000 1312.100000
647.720000 651.350000 0.110000 1590.950000
554.740000 460.410000 0.210000 2819.210000
534.030000 408.810000 0.080000 1681.940000
452.300000 442.610000 0.190000 722.430000
373.790000 606.500000 0.210000 1195.930000
414.640000 491.410000 0.330000 1234.180000
540.940000 552.570000 0.260000 1805.820000
