637.020000 470.990000 0.310000 1163.900000
472.760000 537.430000 0.190000 905.500000
480.370000 322.090000 0.200000 2594.740000
495.620000 673.670000 0.110000 771.370000
457.840000 423.550000 0.160000 2322.230000
483.530000 481.240000 0.340000 559.930000
545.080000 504.090000 0.030000 1695.810000
552.450000 385.820000 0.130000 2202.520000
462.330000 561.700000 0.360000 1086.740000
408.380000 504.030000 0.180000 2574.130000
441.890000 518.350000 0.130000 2949.250000
554.460000 551.210000 0.240000 2803.470000
501.800000 538.480000 0.200000 2283.330000
451.980000 312.640000 0.120000 2161.830000
383.290000 509.660000 0.230000 1186.150000
390.940000 591.750000 0.160000 1469.180000
628.650000 348.660000 0.290000 2488.150000
514.190000 442.900000 0.300000 1445.900000
498.910000 561.080000 0.090000 1080.260000
571.880000 460.380000 0.340000 3717.030000
447.030000 567.770000 0.280000 1414.630000
582.760000 408.550000 0.160000 1011.480000
385.590000 486.300000 0.220000 970.730000
424.780000 409.760000 0.240000 2596.680000
520.710000 676.390000 0.160000 1404.320000
587.270000 412.140000 0.090000 1231.570000
476.860000 511.310000 0.310000 1691.360000
515.220000 351.800000 0.090000 1113.410000
551.810000 699.730000 0.230000 1194.660000
462.550000 606.680000 0.110000 1021.590000
507.550000 496.060000 0.340000 1128.390000
392.310000 491.580000 0.270000 1122.860000
647.620000 528.800000 0.260000 2018.060000
298.410000 515.680000 0.220000 1126.020000
466.610000 487.150000 0.230000 3075.610000
585.870000 551.650000 0.030000 1917.560000
491.610000 463.000000 0.100000 2457.600000
458.530000 560.110000 0.010000 2705.000000
402.490000 624.350000 0.020000 1039.680000
530.050000 488.960000 0.160000 2069.620000
592.530000 472.740000 0.050000 2711.100000
482.810000 573.880000 0.230000 2431.580000
407.020000 547.170000 0.050000 689.960000
626.700000 623.940000 0.270000 1108.820000
344.660000 590.490000 0.290000 881.630000
487.100000 352.240000 0.260000 1275.460000
475.320000 304.070000 0.150000 1250.290000
440.090000 524.460000 0.280000 2705.930000
369.650000 478.940000 0.210000 1959.060000
513.240000 593.670000 0.080000 2100.870000
501.560000 458.210000 0.020000 1172.510000
679.300000 494.490000 0.190000 1577.580000
374.990000 543.770000 0.070000 999.960000
472.800000 510.830000 0.080000 1816.040000
442.280000 602.820000 0.300000 2229.470000
496.640000 551.710000 0.240000 985.730000
680.550000 668.380000 0.150000 701.490000
689.150000 451.420000 0.290000 2746.380000
551.690000 391.430000 0.110000 1837.660000
420.260000 645.880000 0.360000 811.690000
512.030000 467.840000 0.040000 1312.390000
725.440000 497.750000 0.110000 1557.760000
601.860000 416.880000 0.110000 1269.470000
626.290000 446.470000 0.080000 1427.840000
508.780000 594.100000 0.010000 2125.340000
598.450000 382.520000 0.170000 708.970000
485.370000 648.580000 0.270000 1005.140000
696.460000 563.840000 0.410000 1117.010000
457.720000 433.820000 0.270000 2868.480000
650.820000 462.920000 0.200000 2905.450000
520.610000 581.390000 0.210000 1722.100000
515.160000 583.620000 0.060000 1458.280000
354.300000 436.670000 0.010000 1327.390000
585.280000 549.870000 0.160000 2440.070000
541.160000 377.170000 0.210000 2643.650000
606.460000 625.770000 0.280000 1408.900000
505.320000 494.370000 0.220000 2840.420000
380.940000 226.620000 0.140000 1911.100000
488.690000 595.550000 0.240000 2343.400000
495.850000 495.790000 0.330000 877.500000
443.230000 600.670000 0.060000 1450.100000
477.120000 518.870000 0.280000 2208.540000
332.150000 408.270000 0.090000 2101.460000
595.560000 639.020000 0.470000 1899.330000
677.990000 290.230000 0.170000 2075.420000
474.070000 489.480000 0.350000 1743.950000
401.830000 308.010000 0.160000 1129.230000
564.100000 525.530000 0.150000 2712.470000
766.730000 531.420000 0.310000 2911.520000
475.820000 534.690000 0.360000 1069.260000
