589.220000 538.840000 0.030000 1693.840000
331.460000 667.500000 0.280000 2764.610000
477.000000 526.340000 0.210000 841.730000
427.510000 349.660000 0.100000 2849.930000
480.540000 518.840000 0.100000 896.740000
498.460000 525.210000 0.250000 2129.470000
380.610000 478.410000 0.060000 672.070000
438.760000 513.690000 0.330000 709.340000
504.410000 619.780000 0.150000 1134.420000
349.560000 491.130000 0.320000 2246.990000
644.850000 554.160000 0.280000 1199.710000
422.850000 276.000000 0.170000 1528.580000
481.040000 441.200000 0.160000 1002.080000
509.410000 428.250000 0.220000 1234.760000
497.040000 387.830000 0.130000 2707.470000
423.200000 472.160000 0.060000 733.610000
517.640000 541.770000 0.240000 2254.640000
524.500000 485.210000 0.190000 1702.030000
722.590000 600.770000 0.170000 956.820000
429.580000 683.420000 0.140000 1330.000000
346.100000 666.310000 0.100000 2961.260000
492.670000 546.710000 0.330000 1193.840000
278.560000 631.760000 0.130000 1490.290000
583.720000 258.710000 0.140000 1653.090000
505.080000 450.750000 0.230000 942.520000
542.010000 436.160000 0.200000 1741.850000
615.920000 618.890000 0.280000 1400.140000
681.620000 317.530000 0.120000 962.190000
502.260000 530.900000 0.400000 1821.610000
529.690000 496.160000 0.150000 1685.880000
369.240000 421.910000 0.420000 2233.320000
412.820000 493.610000 0.070000 1187.680000
673.450000 586.010000 0.240000 3194.230000
683.050000 309.470000 0.050000 1172.160000
488.550000 512.620000 0.170000 2572.990000
545.070000 596.960000 0.240000 1819.900000
458.150000 583.710000 0.210000 802.480000
460.150000 522.280000 0.280000 2101.640000
530.170000 529.720000 0.380000 1448.800000
516.230000 486.130000 0.210000 1641.010000
