471.700000 371.290000 0.210000 1509.870000
620.110000 454.310000 0.110000 2324.270000
246.640000 532.070000 0.250000 1355.810000
481.280000 362.000000 0.230000 1876.880000
288.210000 355.890000 0.290000 1177.680000
339.040000 433.130000 0.050000 2197.010000
537.500000 621.550000 0.290000 967.680000
415.140000 553.160000 0.100000 1665.390000
422.150000 210.280000 0.270000 822.930000
226.510000 263.380000 0.310000 2230.230000
538.580000 511.860000 0.300000 1455.840000
582.380000 301.070000 0.250000 1365.760000
550.670000 708.340000 0.290000 3034.780000
602.290000 599.220000 0.160000 2320.320000
703.830000 610.410000 0.130000 1438.610000
265.710000 688.050000 0.260000 1323.160000
554.380000 476.550000 0.270000 4150.950000
781.000000 452.740000 0.250000 3070.370000
376.110000 612.160000 0.100000 1676.460000
673.620000 714.940000 0.160000 1528.740000
303.830000 624.100000 0.260000 658.070000
512.060000 535.130000 0.250000 1131.560000
386.100000 682.230000 0.040000 1689.650000
319.870000 506.020000 0.030000 3068.700000
304.230000 199.030000 0.090000 1224.900000
228.160000 495.160000 0.150000 571.280000
219.920000 433.090000 0.090000 1266.910000
272.220000 762.310000 0.150000 3272.710000
461.350000 407.700000 0.070000 1152.780000
556.440000 660.820000 0.330000 2482.140000
507.260000 554.590000 0.030000 888.350000
487.010000 524.210000 0.370000 3327.590000
562.290000 378.780000 0.210000 1673.700000
444.630000 378.100000 0.200000 1690.090000
476.070000 380.050000 0.350000 993.360000
429.940000 164.720000 0.010000 2796.330000
435.750000 580.160000 0.170000 1311.450000
697.220000 494.300000 0.040000 3048.300000
319.420000 434.920000 0.190000 1510.490000
551.770000 659.180000 0.170000 1748.890000
485.600000 536.110000 0.350000 752.290000
437.490000 523.140000 0.190000 1439.680000
638.310000 375.290000 0.120000 1724.500000
55.890000 104.400000 0.280000 3308.300000
290.500000 489.030000 0.270000 1869.940000
160.510000 486.400000 0.300000 2517.000000
532.870000 279.370000 0.230000 4188.340000
704.830000 527.070000 0.070000 2460.600000
478.640000 642.800000 0.390000 2196.580000
563.520000 542.780000 0.470000 620.470000
599.210000 740.970000 0.210000 2259.590000
417.810000 579.990000 0.090000 1483.420000
621.820000 550.930000 0.230000 3241.730000
567.890000 447.330000 0.030000 1204.470000
610.080000 535.010000 0.150000 1392.840000
699.910000 377.280000 0.250000 1072.580000
553.100000 683.870000 0.300000 2754.320000
425.160000 455.270000 0.270000 2942.290000
413.500000 415.290000 0.230000 1249.550000
390.720000 338.340000 0.200000 2679.890000
529.860000 359.400000 0.260000 808.300000
528.430000 372.630000 0.240000 1154.070000
545.040000 339.820000 0.110000 3234.370000
469.170000 626.200000 0.100000 2501.430000
335.490000 377.000000 0.140000 2981.580000
638.570000 345.170000 0.320000 1593.240000
672.430000 557.700000 0.200000 3003.840000
472.210000 616.040000 0.070000 2717.270000
499.830000 436.110000 0.160000 921.100000
598.420000 631.970000 0.060000 2871.020000
506.530000 584.300000 0.300000 1217.180000
446.730000 419.960000 0.340000 783.470000
536.530000 428.360000 0.090000 1716.620000
861.590000 238.060000 0.190000 1118.020000
426.120000 417.030000 0.090000 1457.850000
497.600000 620.900000 0.260000 993.120000
511.860000 505.500000 0.140000 806.360000
549.870000 511.510000 0.140000 1481.600000
452.180000 455.950000 0.240000 2237.220000
386.180000 635.110000 0.060000 1828.690000
422.250000 434.000000 0.270000 1279.580000
697.650000 461.330000 0.250000 1104.590000
292.610000 360.560000 0.260000 573.000000
455.000000 458.770000 0.020000 1440.000000
239.550000 668.300000 0.310000 1153.010000
320.790000 516.790000 0.170000 834.050000
595.240000 740.100000 0.300000 1396.330000
441.480000 489.300000 0.300000 1362.530000
645.580000 582.240000 0.230000 1417.510000
174.250000 458.080000 0.180000 1050.230000
