311.640000 370.320000 0.490000 1865.620000
326.880000 483.900000 0.250000 1039.260000
385.670000 239.330000 0.050000 1723.140000
431.830000 420.320000 0.310000 2314.080000
377.300000 512.200000 0.260000 2923.110000
397.510000 266.670000 0.190000 2213.930000
448.260000 313.470000 0.320000 1686.440000
370.400000 287.870000 0.020000 1895.830000
556.440000 617.960000 0.260000 1884.600000
351.960000 410.430000 0.410000 979.640000
249.400000 739.520000 0.160000 836.570000
429.860000 631.900000 0.240000 969.220000
730.200000 602.120000 0.080000 975.930000
688.240000 139.130000 0.190000 1239.130000
616.940000 628.650000 0.130000 1504.390000
805.890000 258.270000 0.020000 1364.640000
318.620000 329.930000 0.010000 3352.430000
412.820000 419.090000 0.240000 2805.380000
536.400000 623.260000 0.260000 1212.370000
359.600000 766.350000 0.150000 1562.080000
444.780000 464.690000 0.470000 2909.470000
460.360000 240.520000 0.270000 1151.000000
461.530000 90.170000 0.200000 742.090000
539.340000 332.440000 0.160000 2201.990000
609.700000 619.940000 0.250000 1406.850000
366.090000 303.960000 0.070000 1539.010000
700.950000 401.260000 0.140000 1297.180000
452.210000 581.140000 0.020000 1223.700000
502.010000 765.230000 0.280000 875.620000
593.330000 301.150000 0.330000 1554.560000
591.930000 338.030000 0.110000 2131.880000
656.900000 378.650000 0.110000 1814.170000
230.170000 430.710000 0.180000 1495.130000
543.080000 708.260000 0.170000 1230.020000
308.900000 682.010000 0.150000 977.120000
249.110000 301.550000 0.160000 2855.730000
603.700000 453.670000 0.400000 2043.290000
258.720000 389.960000 0.270000 1922.020000
223.560000 554.470000 0.210000 1458.010000
507.150000 435.400000 0.190000 1730.550000
