270.640000 223.290000 0.180000 2072.640000
718.970000 273.540000 0.220000 1921.780000
329.730000 346.200000 0.190000 1565.350000
742.300000 353.370000 0.090000 2633.950000
358.240000 719.400000 0.220000 1417.170000
459.970000 378.800000 0.200000 2414.520000
496.080000 437.720000 0.200000 889.340000
525.630000 662.600000 0.270000 1739.880000
200.330000 544.730000 0.310000 1161.300000
553.570000 490.700000 0.250000 2237.320000
375.420000 699.730000 0.230000 910.360000
501.950000 386.870000 0.230000 1053.280000
704.550000 709.830000 0.240000 1931.540000
402.350000 380.140000 0.280000 2738.120000
388.730000 689.730000 0.110000 1446.240000
620.000000 672.110000 0.130000 1159.500000
551.030000 431.740000 0.340000 1192.190000
588.750000 608.000000 0.340000 1302.660000
629.280000 522.550000 0.310000 1171.450000
522.430000 294.880000 0.020000 854.850000
481.000000 692.970000 0.450000 2384.360000
361.070000 417.450000 0.210000 1560.400000
226.910000 515.880000 0.140000 1479.070000
319.420000 279.770000 0.360000 1114.070000
49.000000 468.230000 0.100000 960.080000
645.030000 578.010000 0.220000 2403.940000
648.030000 497.330000 0.050000 1183.330000
184.090000 358.190000 0.040000 2944.320000
618.470000 379.730000 0.240000 1846.550000
280.230000 294.040000 0.340000 1101.740000
740.580000 432.240000 0.070000 2408.520000
185.670000 108.440000 0.150000 2501.290000
202.540000 574.510000 0.200000 831.860000
463.400000 652.630000 0.170000 1651.150000
465.720000 554.580000 0.350000 1167.290000
482.630000 662.470000 0.270000 2162.720000
475.420000 420.040000 0.150000 1137.300000
360.490000 545.130000 0.150000 1138.380000
548.450000 717.960000 0.140000 2402.390000
416.210000 367.670000 0.130000 1059.800000
598.300000 654.430000 0.110000 654.590000
375.720000 472.640000 0.140000 1949.870000
220.910000 333.740000 0.160000 639.730000
310.310000 816.760000 0.160000 1336.710000
586.340000 397.070000 0.310000 1114.770000
537.420000 562.090000 0.060000 1566.160000
585.600000 408.660000 0.320000 995.190000
482.590000 433.360000 0.210000 1022.340000
355.680000 621.030000 0.180000 1050.620000
659.920000 488.650000 0.150000 1906.220000
547.200000 425.840000 0.050000 1732.000000
485.340000 431.060000 0.240000 2771.620000
751.920000 441.950000 0.090000 1944.610000
558.180000 503.920000 0.050000 1128.170000
343.630000 318.050000 0.170000 1257.900000
463.330000 405.890000 0.410000 1974.010000
280.110000 654.600000 0.300000 2069.800000
490.480000 509.010000 0.220000 1134.140000
520.560000 844.200000 0.320000 1675.190000
614.260000 604.880000 0.340000 579.800000
413.060000 802.580000 0.090000 1282.470000
553.560000 441.030000 0.070000 2057.740000
572.180000 385.150000 0.260000 1349.150000
573.760000 478.980000 0.190000 1172.340000
496.170000 574.810000 0.130000 923.860000
739.030000 262.840000 0.350000 2404.110000
423.950000 744.790000 0.310000 2479.300000
662.150000 366.130000 0.140000 1792.960000
729.680000 737.500000 0.130000 1595.610000
571.120000 442.530000 0.360000 1364.740000
