548.150000 731.720000 0.130000 2697.950000
485.690000 671.120000 0.190000 1976.010000
551.530000 745.570000 0.270000 962.570000
618.280000 499.090000 0.110000 2054.550000
561.840000 591.860000 0.230000 1747.810000
593.380000 604.870000 0.060000 3143.610000
443.600000 419.560000 0.270000 810.370000
676.040000 413.010000 0.280000 2301.250000
434.950000 379.350000 0.250000 1246.330000
351.000000 551.350000 0.240000 1755.450000
602.650000 565.410000 0.140000 1130.380000
231.680000 682.820000 0.230000 554.080000
488.470000 740.970000 0.120000 1527.320000
244.700000 632.160000 0.100000 1666.210000
220.740000 561.010000 0.080000 592.890000
419.400000 315.350000 0.210000 808.420000
591.820000 786.110000 0.180000 2174.750000
399.110000 787.990000 0.210000 742.800000
594.460000 428.890000 0.220000 2383.020000
282.260000 639.100000 0.040000 1480.960000
783.010000 717.870000 0.380000 1814.220000
477.580000 665.010000 0.180000 2765.960000
418.490000 194.050000 0.190000 2975.050000
146.390000 540.400000 0.240000 1326.210000
697.660000 590.740000 0.220000 1165.460000
206.070000 532.330000 0.060000 1825.940000
605.220000 448.750000 0.280000 1794.070000
352.610000 555.460000 0.020000 1499.810000
427.050000 672.070000 0.260000 737.520000
517.460000 444.100000 0.160000 3720.660000
186.640000 409.790000 0.240000 2102.840000
625.840000 529.300000 0.200000 1788.590000
590.560000 538.880000 0.330000 1533.290000
360.650000 410.990000 0.190000 1270.200000
366.460000 499.390000 0.270000 1062.100000
724.940000 608.630000 0.290000 2412.150000
680.000000 535.130000 0.380000 562.160000
635.940000 593.280000 0.210000 3327.510000
425.030000 383.200000 0.010000 1721.190000
498.300000 635.720000 0.250000 1451.990000
411.310000 455.590000 0.070000 1119.650000
397.660000 281.100000 0.340000 1171.630000
398.870000 584.630000 0.100000 1865.940000
593.120000 478.230000 0.230000 1823.520000
915.590000 537.660000 0.040000 1447.180000
402.160000 595.830000 0.030000 2618.010000
210.940000 657.300000 0.230000 1722.130000
471.970000 651.120000 0.180000 2729.370000
596.090000 312.090000 0.100000 2303.500000
636.270000 325.110000 0.230000 2603.620000
733.840000 544.530000 0.090000 900.320000
690.810000 448.870000 0.160000 1053.980000
445.280000 513.880000 0.240000 2113.930000
592.120000 785.910000 0.080000 2133.850000
730.520000 468.060000 0.250000 2019.970000
572.460000 587.460000 0.060000 1407.030000
679.270000 300.350000 0.020000 885.070000
293.880000 433.480000 0.280000 1097.500000
388.580000 489.810000 0.280000 1600.740000
334.730000 396.280000 0.360000 1624.090000
379.010000 289.790000 0.070000 2409.010000
35.870000 465.810000 0.190000 2007.920000
451.310000 474.800000 0.270000 2057.500000
565.300000 380.890000 0.040000 979.900000
480.350000 176.480000 0.160000 2339.120000
347.360000 592.540000 0.290000 1569.240000
492.390000 433.690000 0.130000 667.240000
410.740000 499.650000 0.190000 1284.640000
406.900000 658.600000 0.030000 1728.090000
443.030000 362.310000 0.120000 2261.210000
421.080000 640.770000 0.110000 1288.160000
532.330000 543.270000 0.210000 1063.730000
365.060000 339.610000 0.160000 1882.510000
575.360000 470.570000 0.080000 1806.390000
725.620000 402.850000 0.230000 1260.820000
475.300000 502.920000 0.150000 2897.900000
396.090000 396.610000 0.240000 1329.590000
334.050000 416.730000 0.290000 1857.530000
685.440000 308.610000 0.170000 586.190000
396.350000 276.000000 0.200000 1788.910000
