292.660000 476.160000 0.150000 1377.830000
647.830000 400.030000 0.200000 2568.910000
427.340000 394.540000 0.020000 4088.870000
606.110000 443.540000 0.090000 1835.110000
294.840000 490.470000 0.260000 989.190000
468.860000 603.020000 0.270000 2401.660000
517.110000 715.600000 0.240000 1667.650000
379.770000 714.760000 0.080000 1168.000000
553.920000 292.830000 0.110000 1056.490000
668.210000 572.800000 0.170000 1422.860000
697.710000 754.860000 0.140000 1313.030000
594.900000 507.860000 0.170000 1384.590000
357.980000 509.330000 0.160000 883.700000
555.620000 533.090000 0.330000 2391.110000
390.740000 469.670000 0.290000 915.240000
365.830000 555.300000 0.180000 1647.260000
445.240000 599.150000 0.280000 1198.650000
580.180000 600.650000 0.230000 1804.170000
616.320000 575.500000 0.190000 3374.410000
527.250000 503.870000 0.270000 1732.610000
